Time,SUP,ECRL,ECRB,ECU,FCR,FCU,PQ
0.0,0.30472864988010273,0.4801854785303742,0.1576638450878535,0.47945977885489754,0.2247325808041942,0.2693305795890303,0.4310810375281767
0.01,0.30391563420269796,0.5051682972802671,0.18907236740602867,0.4568188108888008,0.24012694424784423,0.24301898167945876,0.41706613962106065
0.02,0.3017013338484121,0.5163303106785452,0.2036974485216619,0.454016129300092,0.23253036495795584,0.2148457835807254,0.4113669450112558
0.03,0.300684025894826,0.5297278620741442,0.2072208164110294,0.44059162445721284,0.23831940049390493,0.19433789748945596,0.3975757152552159
0.04,0.2991573838308252,0.5387127200223588,0.22924177470622698,0.45257242838151296,0.2292024832341936,0.17682247775911275,0.3876545566960121
0.05,0.29666176705451675,0.5410065737474876,0.2371454089407658,0.4744651899124458,0.21989151512501898,0.16377504067442797,0.379024584462965
0.06,0.29386839250969515,0.5386699695659687,0.23574256589943163,0.4794752756924003,0.21715668426709153,0.15721188164180197,0.37130031863260826
0.07,0.29088338443596434,0.5346408452384631,0.23337106004572494,0.4824928468737829,0.2188485264547474,0.1538597667245816,0.36394564030964066
0.08,0.2878677836717142,0.5301917026496543,0.2318188500139493,0.49352170839748877,0.21785673249507492,0.15038514184037993,0.3567060575903666
0.09,0.28484555933528816,0.5254918390132994,0.23061133920456117,0.5071329505169616,0.21611240232739384,0.14707183396712495,0.3496671674337142
0.1,0.28181010287064107,0.5202718843845158,0.22892674679800132,0.518810395361723,0.21495793196237856,0.1444428756881735,0.34269118741773674
0.11,0.27879178835395996,0.5149598592166302,0.22684283341378206,0.528512821194743,0.21449162066525057,0.1421604735598625,0.3358608801652226
0.12,0.27577996061625476,0.5099088263607269,0.22466395738517964,0.5371699526172744,0.21443202643171638,0.1398391779346118,0.3290776748158884
0.13,0.2727442436539847,0.5052122578498899,0.22239091069159242,0.5438084740516124,0.21646092629035074,0.13758029220541848,0.32245656346265694
0.14,0.2696209876907139,0.5007252786721001,0.21983323760670054,0.5475964807981023,0.22073553995748527,0.13555479765457376,0.31604953222763493
0.15,0.26641699137855396,0.49642108487716957,0.2170513279288607,0.5492068792066638,0.22596974191492863,0.1337108815159041,0.30987398222147344
0.16,0.26316728080694857,0.4923414869474214,0.21427180680068653,0.5500938644788435,0.23082935460519216,0.13187192939599834,0.303838123489328
0.17,0.25993587772945737,0.4885075632217425,0.2116644717951784,0.5512467924859811,0.23479708235881339,0.1299844185650823,0.2979057065323511
0.18,0.2567413499241335,0.4848240238690416,0.20923540890738226,0.5529805928036107,0.23810513194304173,0.1280904580401029,0.29203993448499704
0.19,0.253542684071812,0.48112647117116303,0.20691962093394164,0.5554816623760858,0.24096252197577409,0.12621419503194192,0.2861146800561903
0.2,0.25043805774608324,0.4775352931577505,0.20474703232125555,0.558506803137226,0.24301341298905618,0.12441073582140787,0.28030760948202366
0.21,0.24736788974616947,0.4739080634531466,0.20265756703437268,0.5622780690261756,0.24459529510422046,0.12266272866624829,0.27449829572798756
0.22,0.24429647272877122,0.4701632630703117,0.20060429524422185,0.5668371055300926,0.24576559373921486,0.12096980274209804,0.2685964909174015
0.23,0.2412765015231322,0.46641658593633784,0.19859557067255582,0.5717171182490555,0.2465511651794128,0.11937991947616958,0.2628045533770504
0.24,0.23826592938169533,0.46265564593087244,0.1966248602206897,0.5769752518047061,0.24706903305509506,0.11783430939574978,0.2570013745716877
0.25,0.23530735369786454,0.45893281396395225,0.1947002869755211,0.5823810496472205,0.24732515160975915,0.1163580428086883,0.25123395737787
0.26,0.2323994356501406,0.45527572973194264,0.19282691767838728,0.5878567958831236,0.247393084670586,0.11492782749219219,0.24550458763113922
0.27,0.22950169746039598,0.45160125191992523,0.19097330375855526,0.5935991843768129,0.24736199888746457,0.11353427111591048,0.23973507612057599
0.28,0.22667078842974514,0.4480558636859208,0.18917869340104854,0.5991079682424022,0.24729161506451677,0.11218662297110182,0.23404731262576897
0.29,0.22383945321468743,0.4445370585635521,0.1873976908635781,0.6046140146053421,0.2472108432328989,0.11085950776796413,0.22831343586083147
0.3,0.22107447605694067,0.44121041328345617,0.18567176298068325,0.6095034881812064,0.247182867731112,0.10957450811361696,0.22270422741224044
0.31,0.2182824183226334,0.43795335992075474,0.18394122485777512,0.6139962827180883,0.24754147736144322,0.10831234124843415,0.21712600671062254
0.32,0.2154932016984706,0.434862175100942,0.18222303400433076,0.6176813309846685,0.24835742366910274,0.10708842050993808,0.21166020398501062
0.33,0.2126740618155084,0.43189121531915586,0.18049926405619848,0.6206446594674359,0.24954876372001136,0.1059061070370781,0.20633720508107667
0.34,0.20981602354723838,0.4290435673812263,0.17877619193369199,0.6229280012261579,0.25104029053957333,0.1047548546035154,0.2011385863094784
0.35000000000000003,0.20692805258760422,0.4263114969105908,0.17707180596876207,0.6247060187794922,0.25265885887886086,0.10363025051164244,0.1960834779981844
0.36,0.20401147911293058,0.42367641980713294,0.17539511134768168,0.6261409486147475,0.25428914307748324,0.10252242721780357,0.1911168102707673
0.37,0.20108627960341469,0.4211185079454665,0.173759260258647,0.627438289412976,0.2558094159518043,0.10143400810571392,0.1862597455761935
0.38,0.1981475980703405,0.41862091867066226,0.17217270794184508,0.6287388416673623,0.257117797983724,0.10035168463694492,0.1814730715834248
0.39,0.19525186889680418,0.41619801153684466,0.17064530374932477,0.6300859425084312,0.25821982110403946,0.09929260878062555,0.17674833782548782
0.4,0.1923610115900662,0.41380796288262217,0.16916520066238305,0.6315696348787856,0.25913290514899706,0.09823039061400118,0.1719975568483614
0.41000000000000003,0.18951926751231882,0.41151496225358536,0.1677540471568217,0.633072324188471,0.2598546418376846,0.09717509666474175,0.16729722007725348
0.42,0.18670695774491797,0.40930749471132344,0.1664019872245544,0.6345532922411712,0.2604964452116637,0.09611312690783189,0.16259380814761534
0.43,0.18392854767751796,0.40723823084662,0.16512334160784925,0.6358642686383508,0.2611008559658535,0.09502930747399357,0.15790300297164356
0.44,0.18122140275302046,0.4053392637043105,0.1639254342854902,0.6369065081132497,0.26169853500890194,0.09393633977560892,0.15324633089466594
0.45,0.1785392768692623,0.40361198311176055,0.16280461812525962,0.6376030820116837,0.2623784944633747,0.09279635094339617,0.1485447747905301
0.46,0.17592163398493849,0.40210200483037517,0.1617761304273174,0.6378772229973976,0.26311342149820316,0.0916297981880876,0.143903258440387
0.47000000000000003,0.17331210977954095,0.4007688427200029,0.1608213835193904,0.6377673091948909,0.2639875147442723,0.09041406835547296,0.13923662280233332
0.48,0.17075640469324194,0.39964339929499354,0.15995049682149953,0.6373261298944289,0.2649548840199169,0.08917468226935146,0.13463418111516853
0.49,0.16820936844695655,0.3986816416855216,0.15914466319020643,0.6365222250380571,0.26606229543172427,0.08790335315473012,0.13006899610132808
0.5,0.1656821905459585,0.39788265596099465,0.15839900779249427,0.6353411606740691,0.2673253179478812,0.08661461414825136,0.12556657882894373
0.51,0.16316138743361136,0.39720137392101557,0.15769537736044467,0.6338252649353522,0.2687248438799064,0.08531988298168469,0.12112130136266012
0.52,0.16064882731108945,0.3966334420598405,0.15703078033388093,0.6319923812831272,0.27023484818158366,0.08402749617911327,0.11676658229480415
0.53,0.15810755693209258,0.3961449891631724,0.15638868447809143,0.6298366454879994,0.271911728559425,0.08273321689206539,0.11245114015051666
0.54,0.15557378005873773,0.3957296092985719,0.15577332858953508,0.6274824720179106,0.27361122181399783,0.08145632198434179,0.10822431433973365
0.55,0.15303062638037243,0.3953734194236896,0.1551812793713186,0.6249509826183691,0.2753400706621841,0.08019299767645312,0.10407888381267213
0.56,0.1504915177100564,0.39507121594202377,0.15461458544580647,0.6223019097319566,0.2770514506588437,0.0789465772706714,0.10001806540010202
0.5700000000000001,0.14794025521697812,0.3948125770143001,0.1540689586341806,0.6195296705511946,0.2787842250632051,0.07770809372355797,0.09598147673553747
0.58,0.1454120680958766,0.3946013981730278,0.15355300347324893,0.6167348198491426,0.28041072952819984,0.07648665344808155,0.09200090366688743
0.59,0.14290139809483804,0.3944363571962713,0.15306813106983003,0.6139233745437882,0.28195683599818916,0.0752766614687336,0.0880646810639787
0.6,0.14041520639310287,0.39431464473182654,0.1526140290065303,0.6111117957828186,0.2834265151911029,0.07407805333807775,0.08416412126602223
0.61,0.13795846247485585,0.3942346000290034,0.15219009979732334,0.6083110101548662,0.28481292967703487,0.07289126007994784,0.08029105058284501
0.62,0.1355356078794399,0.3941951817169722,0.15179581671902936,0.6055279333850889,0.28611434464900076,0.07171656223255549,0.0764395864499228
0.63,0.13314856224421812,0.39420554166553495,0.1514298107897327,0.6027628971027033,0.287341554557427,0.07055457767162976,0.07260870266732533
0.64,0.13079705303779318,0.3942888922334893,0.15108941817057306,0.6000124194025681,0.2885076692846049,0.0694067116958171,0.06879966830869169
0.65,0.12847981907301803,0.39442157590588,0.1507711884232885,0.597270610735522,0.2896268464717124,0.06827480497508703,0.06501485484983502
0.66,0.12619442909176345,0.39458959214348055,0.1504709027550629,0.5945307475864777,0.29071497235246674,0.06716118056539734,0.06125803507491284
0.67,0.12393733777165351,0.3947848920120399,0.1501839556195336,0.5917847769827146,0.2917899484802685,0.06606835392002641,0.05753385046411867
0.68,0.1217043742969809,0.39500084781436695,0.1499062779432889,0.5890250663759111,0.2928645344478309,0.0649985156934089,0.053847112040829544
0.6900000000000001,0.11949130827385537,0.3952320519231559,0.14963466757104968,0.586245734452916,0.29394723269591794,0.06395327936653608,0.050202361468579385
0.7000000000000001,0.11729407443857189,0.3954731848613495,0.14936655471451263,0.5834430205430176,0.29504448451898735,0.06293382116742993,0.04660364405251292
0.71,0.11510908728096597,0.395720024523778,0.14910004779336203,0.5806156121950738,0.29615902852191767,0.06194090899598627,0.04305427022164943
0.72,0.11293368276089848,0.395970236035698,0.14883419382460544,0.5777649460787748,0.29728857293958916,0.06097473506938747,0.03957101817508671
0.73,0.11076670994342569,0.39622344817283767,0.14856902055335808,0.5748951130222933,0.298426565771723,0.060034901730865335,0.03640899024070303
0.74,0.1086136193108155,0.3964786149139939,0.14830489366590358,0.5720127515092893,0.29956406787597595,0.05912078819521249,0.03360708930491764
0.75,0.10649605454425073,0.39674008241430125,0.14804195829044164,0.5691229012448781,0.3006945270422922,0.058231866680217056,0.03111991842810164
0.76,0.10443591954319321,0.3970157441009312,0.14778153564151691,0.5662329615955968,0.3017979998096467,0.05736697920514047,0.02890866899282206
0.77,0.10245088384840707,0.3973122352326984,0.14752544638054818,0.5633503129965238,0.30286073054402235,0.05652465417162852,0.02693999698447914
0.78,0.10054471140286152,0.39763173126376367,0.14727472611396802,0.5604804319104599,0.30387783550638675,0.05570377147089796,0.025185122722413075
0.79,0.09873225485160177,0.3979746231710192,0.14703035858946986,0.5576284090338903,0.30484372965507267,0.05490326252939089,0.023619103502249994
0.8,0.09702233601269501,0.39833840182585323,0.14679237127270653,0.5547972107355348,0.3057609937088296,0.05412256148605051,0.022220241300692195
0.81,0.09541764679259175,0.3987214608535955,0.14656024936030032,0.551988024474666,0.3066315441905557,0.05336142584997947,0.02096959690741834
0.8200000000000001,0.09391855877604095,0.39912505283133193,0.1463338279855524,0.5492011491531159,0.3074547478628166,0.052619473115663645,0.01985058861249408
0.8300000000000001,0.09252362292818697,0.3995484318288904,0.14611276756683228,0.5464358127648354,0.30823364926161717,0.05189636707643091,0.01884865859457747
0.84,0.09123307230193353,0.3999880069108576,0.145895785779875,0.5436896934215636,0.30897632722532864,0.05119226178155281,0.017950993912413084
0.85,0.09004346150561403,0.40044219349133414,0.1456817715387075,0.5409601226179094,0.30968709583343296,0.05050726383581939,0.017146291841407833
0.86,0.08894361641519521,0.4009274784831882,0.14546767217645332,0.5381885866062809,0.3103960497084998,0.049836544381878456,0.016427115533418756
0.87,0.08793675247233222,0.4013842387257494,0.14525707979356828,0.5355157546682815,0.3110409433765503,0.04919339377501287,0.01578090427230191
0.88,0.08700294183558063,0.4018733108478981,0.1450439600483795,0.5328002996118993,0.31170944035420495,0.04856528146780722,0.015200655456392185
0.89,0.08614399394476523,0.40234512655476656,0.14483162451912224,0.5301357536896174,0.31234230207579733,0.04796024552614178,0.014679442399210218
0.9,0.08534225012797425,0.4028359625122646,0.14461494602111657,0.5274266548019152,0.31300026903141276,0.047370658171663,0.014211111997650096
0.91,0.08459936579231932,0.40330761026622947,0.14439801368605715,0.5247635957854215,0.31362711268606364,0.04680316876969571,0.013789827248056082
0.92,0.08390319866491688,0.4037890663672437,0.14417875883718836,0.5220875305924416,0.31426024492962595,0.04625283286820431,0.013411758754183647
0.93,0.0832518614205636,0.4042591986558622,0.14395918835501,0.5194403112846508,0.3148749743871357,0.04572167532379828,0.01307165947376897
0.9400000000000001,0.08263791931917754,0.40474075193604847,0.1437371700263388,0.5167699819132738,0.3154996393021515,0.04520501676796255,0.01276504911630586
0.9500000000000001,0.08205549522867073,0.4052390319632795,0.1435135954796386,0.5140589048783097,0.31612238680580257,0.04470087419673771,0.012490136032260188
0.96,0.08151127060446586,0.40570753801979553,0.14329442424577615,0.5114382319227567,0.31669189593528646,0.044216933948152654,0.012241735771241935
0.97,0.08099845112340599,0.40619240248550287,0.1430776385778857,0.5088200027074624,0.3172504581399944,0.04374658977206552,0.01201944262664363
0.98,0.08051399031047984,0.4066770903331972,0.14286400097287233,0.5062271415530136,0.3177900350951437,0.04328953744039387,0.01181824919999656
0.99,0.08005908954275637,0.40715887762952113,0.14265512253204085,0.5036696185852798,0.31829520362070934,0.04284629698677706,0.011637755744410987
1.0,0.07962628961813216,0.40767040777958724,0.14244746835078925,0.5010657329374555,0.3188070034812016,0.04241060053851428,0.011475257826534304
1.01,0.07922232817977838,0.408151543364758,0.14224747006982488,0.49855846768655504,0.31925664378358026,0.04199139136358014,0.011329062297411593
1.02,0.07883954154254139,0.4086580484340453,0.1420508421378497,0.4960403444584929,0.3197058640943772,0.04158087559494502,0.01119689491759339
1.03,0.07847992801589317,0.4091663614605656,0.14185881628262026,0.49353361360896036,0.3201302026280536,0.04118064693055014,0.011078550422019847
1.04,0.07814087319127813,0.40967093574667823,0.14167072644747777,0.49105862620248014,0.32053682740760636,0.04079157189683046,0.010971367036433364
1.05,0.07782111781556532,0.4101776749462359,0.141486475106814,0.4886025205096686,0.3209258807019826,0.04041293115026259,0.010874863015851397
1.06,0.07751823089879908,0.41068639221757347,0.14130548953786765,0.4861550782077111,0.3213025639164939,0.04004431592179191,0.010788438220322502
1.07,0.07723097107742735,0.4111890781488645,0.14112722861857518,0.4837363293325707,0.321668577899704,0.03968642341975788,0.010710146410989612
1.08,0.07695854103088837,0.4116815928500261,0.1409522385374073,0.48135121511184403,0.32201804941295564,0.0393398613440267,0.010639869064359184
1.09,0.07669646063915583,0.41219311429347455,0.14077751126410176,0.478935109721311,0.3223783531247988,0.03900071883505315,0.010576553648403396
1.1,0.07644576450013406,0.4126758964936709,0.14060653700537937,0.4765801356953696,0.32271172023807043,0.03867383326298884,0.010519506995094456
1.11,0.07620154846602474,0.41318250450256405,0.14043501250547044,0.4741836761774573,0.3230613961181404,0.03835369297139424,0.010468112640126996
1.12,0.07596630708821453,0.4136625426633499,0.1402666357365639,0.47183850961079005,0.32338581484104645,0.038044954520257294,0.01042190673006853
1.1300000000000001,0.07573748052287951,0.41414444258907135,0.14010062271048443,0.46951373221225867,0.3237082442044265,0.037745155830094364,0.010380052708902666
1.1400000000000001,0.07551484501851606,0.41461406204570855,0.13993776348400086,0.4672211855808928,0.3240148334873645,0.03745489196267175,0.010342489605963285
1.1500000000000001,0.075296733893168,0.41510081743668276,0.1397752972974996,0.46489942778937937,0.32432892655112944,0.03717068819236133,0.010308604975715731
1.16,0.07508501291024068,0.4155630489941819,0.13961697072962295,0.4626327526272453,0.3246148266073668,0.036896187906263096,0.010278075320570594
1.17,0.07487824018358341,0.4160418133376023,0.139460061374072,0.4603474617108837,0.3249038511622878,0.036627664428681504,0.010250568156071426
1.18,0.07467719103506117,0.41650335811012607,0.13930758068582028,0.4581099728704734,0.3251684395164374,0.03636760524471839,0.010225754257393901
1.19,0.07448297019557845,0.41697104100408267,0.13915757443218488,0.4558725005181939,0.32542693572603293,0.0361139261233129,0.010203493390419047
1.2,0.07429355761637803,0.4174362679585753,0.13901142557883356,0.4536630581817197,0.32567100975766516,0.03586699728350593,0.010183318284962292
1.21,0.07410926306563659,0.41789935063279476,0.13886889187210674,0.45146801121694496,0.32590132468153793,0.03562640328396943,0.010165222772251792
1.22,0.07393089969317945,0.41836179300870724,0.1387296175617768,0.449293279665628,0.32612285677935543,0.035391997735750205,0.01014884364824785
1.23,0.07375780819568215,0.4188210269699334,0.13859338299916504,0.44713083828152034,0.32633105244557503,0.035163643872490845,0.010134162670005362
1.24,0.0735902158023882,0.41927752283583714,0.13846014424264325,0.4449919450532148,0.3265306608813328,0.034941398999141976,0.010120863757022555
1.25,0.07342757602573718,0.41972400735461507,0.13833026455202205,0.4428827742189267,0.3267173937205001,0.034725636459687584,0.010108916488445432
1.26,0.0732691813979617,0.42018537160071207,0.13820139946572166,0.44075121059394157,0.3269057918799088,0.034514140471072624,0.010098150541541211
1.27,0.07311577767431013,0.42062053547806433,0.1380763099596366,0.43867706642204163,0.32707563869162637,0.034310001184002986,0.010088449874750303
1.28,0.07296531772963301,0.42107477274518446,0.13795192151638613,0.4365768486905661,0.32725114875453676,0.034109933285680204,0.01007970819694233
1.29,0.07281916782165151,0.4214996583931025,0.13783111769761627,0.4345376878265846,0.32740928528650864,0.03391715483209781,0.010071837325407689
1.3,0.07267502975550055,0.421943332341693,0.13771094311456974,0.43247488069933165,0.3275733650969978,0.033728321021870254,0.010064734208709826
1.31,0.07253388377936078,0.4223633372534037,0.1375937664549258,0.430458558479091,0.32772277415298584,0.033545865722554975,0.010058337156458536
1.32,0.07239414297972954,0.42279964901738115,0.13747691052197492,0.42841580012270264,0.32787656073331095,0.033367123267507626,0.0100525723617034
1.33,0.07225784841005656,0.42320571454230616,0.13736345837181047,0.4264358437435815,0.32801378386755586,0.033195089419110445,0.010047383637169584
1.34,0.07212339583097786,0.4236267463990244,0.1372510870985921,0.42444515202581085,0.3281546784851539,0.033026869096745244,0.010042687817960246
1.35,0.07199026479069703,0.42403364054515486,0.13714136306317487,0.42248154407365984,0.3282829513415234,0.03286360647485671,0.01003846872547528
1.36,0.07185888588500104,0.42445102732919576,0.13703242036803795,0.4205005876534749,0.3284113022425961,0.03270376395753152,0.010034666674238874
1.37,0.07172994443405051,0.4248489878304045,0.13692648707916694,0.41856453967753116,0.3285266045703525,0.0325491567120365,0.010031235936673188
1.3800000000000001,0.07160450569868519,0.42525014189902083,0.13682193014743355,0.41662995716281903,0.328639057094832,0.032398512380096126,0.010028156629870867
1.3900000000000001,0.07148049994428646,0.4256490587289458,0.13672000821500502,0.41471660436293223,0.3287432497106858,0.03225177839595507,0.010025366392452958
1.4000000000000001,0.07135859080654408,0.4260355955153651,0.13662107774998633,0.41283438453825905,0.32883799004004655,0.0321093801764758,0.010022862744309894
1.41,0.07123893986213219,0.42643376003223454,0.13652347791342104,0.41094198857629466,0.32893199533271866,0.03196984010800163,0.010020599066063653
1.42,0.0711213468084953,0.426815978217777,0.13642855396414266,0.4090821321692399,0.329014180625237,0.03183445355830647,0.010018563807903105
1.43,0.07100589576301142,0.4272124182780429,0.13633411198257064,0.407200422007146,0.3290957690490333,0.03170158280131704,0.010016729650233973
1.44,0.07089364752223269,0.4275881972529048,0.13624205946588244,0.4053612397874696,0.32916749660201294,0.031573142689700524,0.010015077742654897
1.45,0.07078439825377919,0.42796817764741985,0.13615143247816183,0.40352750672653553,0.32923852092200584,0.03144795187521414,0.010013586294476795
1.46,0.07067679332882534,0.4283427245794468,0.13606261746052714,0.4017054430784588,0.3293028403007696,0.0313261421134292,0.010012248027850711
1.47,0.07057121044651009,0.42870521763917685,0.13597627569632892,0.39992042627398144,0.32936156113341725,0.031208165927967855,0.010011037748629839
1.48,0.07046655221672037,0.42908008734233155,0.13589069565480866,0.3981145410970693,0.3294208603367434,0.031092503029764757,0.010009947065742385
1.49,0.07036413623556288,0.42943166516821396,0.13580778903693014,0.3963563630671298,0.32947167800344684,0.03098087473707804,0.010008964415258148
1.5,0.07026258743747876,0.4297998383140096,0.135725519332199,0.39457251805663,0.32952351351250053,0.030871313676439978,0.010008079674519632
1.51,0.0701637897757779,0.4301479058570676,0.13564533140555554,0.39282612219396784,0.3295684617343404,0.030765486549348454,0.010007282769797135
1.52,0.07006598170809732,0.43049657093798316,0.13556680215249442,0.3910940408641456,0.3296118854526673,0.030662485553247392,0.01000656110976408
1.53,0.06996908120985,0.430835472025304,0.13549020221501024,0.389384316622401,0.32965096018424067,0.030562529669465405,0.01000591297107463
1.54,0.06987288959910942,0.43118785660731485,0.1354142034056412,0.3876496147221399,0.3296886077917461,0.03046436345994416,0.010005329599470588
1.55,0.06977950432156972,0.43151819519130774,0.13534040625343693,0.3859594871892627,0.3297187758648306,0.030369667403747275,0.010004803489843884
1.56,0.0696875653986673,0.4318566909343062,0.13526764310625133,0.38426428225854575,0.32974880095868103,0.03027714020481021,0.01000432863950145
1.57,0.0695958546484677,0.4321846612988736,0.13519688927270032,0.3825953576455678,0.3297728082832003,0.03018726009795045,0.010003899711860107
1.58,0.06950609532185076,0.4325176333927139,0.13512678114598445,0.3809116785690518,0.3297948038778689,0.030099346642395646,0.010003515203999034
1.59,0.0694178067006701,0.4328327391333491,0.13505922898704967,0.3792780768030814,0.3298110299820566,0.030014479248690554,0.010003167542470706
1.6,0.06933128490339054,0.4331551116303471,0.13499267773484358,0.3776381225240339,0.32982564561272,0.029931490294467983,0.01000285426573702
1.61,0.06924576262170375,0.4334703699123366,0.13492787629656927,0.37601431281317377,0.3298350222778408,0.029850714686061507,0.010002572884625652
1.62,0.06916138168275597,0.4337844190193929,0.1348648135101462,0.3744060599776237,0.32984193939514406,0.029771940808154145,0.010002317937057272
1.6300000000000001,0.0690777175321782,0.43409368784041663,0.13480318789390458,0.3728086783929476,0.32984624695154957,0.029695183091967878,0.01000208825244385
1.6400000000000001,0.06899545664100498,0.43439396716168566,0.13474314256194897,0.3712329208410386,0.32984754279288614,0.029620692680896524,0.010001881967499964
1.6500000000000001,0.06891501438808376,0.4346947471065252,0.13468420424155803,0.3696630003409871,0.3298467599019376,0.029548096405284805,0.010001696234274448
1.6600000000000001,0.06883539724740892,0.4350026587919594,0.1346259009114818,0.3680784982798021,0.3298441665109512,0.02947688363682109,0.010001528657516759
1.67,0.06875777445962415,0.43528950668676547,0.1345696791677152,0.3665415356868412,0.3298404998620004,0.02940823859561254,0.010001377747459727
1.68,0.06868140831377711,0.43558315784885493,0.13451416755150095,0.36500065760359524,0.3298354234442938,0.029341165185584453,0.010001241226672692
1.69,0.06860626080032159,0.43587154273919665,0.1344598658439169,0.36347027029880546,0.3298287486024474,0.02927585356568206,0.010001118677245444
1.7,0.06853326606958889,0.4361545129734873,0.13440711369934674,0.3619614502953716,0.3298206535377016,0.029212342856101706,0.010001008165520802
1.71,0.0684598524433291,0.43644884960488256,0.13435507672535824,0.3604323102974384,0.3298101708649059,0.02914981439589858,0.010000908571041862
1.72,0.06838784254478127,0.4367250782150848,0.13430448084041005,0.35893596291136015,0.3297980526547982,0.029089411608383454,0.01000081901319344
1.73,0.06831683566054003,0.43700114749196134,0.134255007195229,0.35745453604077826,0.3297849383150572,0.029030632197845466,0.010000737857422327
1.74,0.06824603572463274,0.4372748662319149,0.13420672548508428,0.3559829512142891,0.32977009769438864,0.028973281540756658,0.010000664743368153
1.75,0.06817786818836057,0.43755264674047734,0.1341587919361585,0.3544959702914217,0.3297527664829873,0.028917107760659148,0.010000599132731366
1.76,0.0681098753568743,0.43781662573533303,0.13411289250600059,0.35305171723353906,0.32973372276921964,0.028862693128038384,0.010000539764884292
1.77,0.06804386621771724,0.4380877900737972,0.1340672668123475,0.3515894420064306,0.3297128391837206,0.02880937381788163,0.010000486493697808
1.78,0.0679777798632091,0.43834588251964324,0.13402358773714232,0.3501684774175393,0.3296907455042413,0.02875771094760209,0.010000438287226722
1.79,0.06791154383167976,0.4386062564098094,0.13398108578887924,0.3487486932474799,0.32966667999968674,0.02870711991584041,0.010000395105298338
1.8,0.06784625980229325,0.43886376148060413,0.1339398329679732,0.3473443941678761,0.3296416396934021,0.02865774189416843,0.010000355954477808
1.81,0.06778182159067515,0.43911793906643454,0.1338996811331559,0.34594674555972543,0.3296145944896577,0.02860952121722801,0.010000320849148347
1.82,0.06771874211968795,0.43937135021565776,0.13386070788052237,0.3445611864184615,0.32958626812570213,0.0285624031976183,0.010000289056345351
1.83,0.06765608114591727,0.4396171325225711,0.1338230461256225,0.34319414421319827,0.32955629441748047,0.028516508867684604,0.010000260502481092
1.84,0.06759486435556723,0.4398606604288363,0.13378615791444912,0.3418354529766563,0.3295247431458612,0.0284717859477497,0.010000234767743048
1.85,0.06753436502854304,0.44011240775201155,0.13374972682803185,0.34046032278011445,0.3294908690958551,0.028427784944658592,0.01000021157531154
1.86,0.06747501192091059,0.4403466566941824,0.1337149259008893,0.33912734693979496,0.329456449525321,0.028385251692311313,0.0100001906921357
1.87,0.06741685178049789,0.44058582434323584,0.13368062937991454,0.3377913621237515,0.32942055808791404,0.028343643076103615,0.010000171796541278
1.8800000000000001,0.06736008928165411,0.440823588671884,0.13364688898444016,0.33645384479690205,0.32938331189248765,0.02830300295594618,0.010000154878591414
1.8900000000000001,0.06730403165357271,0.4410534955497263,0.13361453320447436,0.33514637829229155,0.3293454525611232,0.028263492287090783,0.01000013957090996
1.9000000000000001,0.06724872303877692,0.44128918102535586,0.13358269509210455,0.33382958475525326,0.32930618926991223,0.02822470333551676,0.01000012577618906
1.9100000000000001,0.06719357262758852,0.4415156953898625,0.1335518521887619,0.33253455344359223,0.3292660206466946,0.02818697642286935,0.010000113313087568
1.92,0.06713943459320725,0.44174125569067807,0.1335215796467507,0.3312416524619513,0.32922453151700143,0.028150186758649602,0.01000010215156931
1.93,0.06708609827042321,0.4419638799476029,0.13349219220291966,0.3299656919869945,0.3291825424822911,0.02811433656471711,0.01000009202942056
1.94,0.06703384352658999,0.44218869141504574,0.13346305697453742,0.32867973539354006,0.3291385034433912,0.028079177309147982,0.01000008293848647
1.95,0.06698284897667547,0.44240472338659004,0.13343474348615983,0.32741560163651795,0.3290938481914554,0.02804510903370755,0.01000007477089066
1.96,0.06693186948863818,0.44261665245661813,0.13340752178115647,0.32617566940337817,0.3290490209668559,0.028011956918781257,0.010000067377013363
1.97,0.066881643942458,0.442831525426049,0.1333806846715124,0.32493045346231525,0.32900305536520386,0.02797948879757605,0.010000060714295357
1.98,0.06683157616985914,0.4430374581632353,0.13335488549336852,0.3237086133469094,0.32895616873981914,0.027947899540644867,0.010000054716635447
1.99,0.06678204070674076,0.4432537593059022,0.133329559921242,0.3224696106612496,0.32890734623079854,0.027916672207437414,0.010000049311454286
2.0,0.06673334095748303,0.44345514544837566,0.13330513185349754,0.3212628902631485,0.3288584445847202,0.027886472080469394,0.010000044441931985
2.0100000000000002,0.06668652777746198,0.4436605891646572,0.13328098462449942,0.32005606401077574,0.32880934979285453,0.027856984806460715,0.010000040047621084
2.02,0.06663923515954123,0.4438577979319676,0.13325774858153072,0.31887349199507303,0.3287595768987672,0.02782829397141286,0.010000036090228344
2.0300000000000002,0.06659252089625635,0.44406035399713134,0.1332347457449315,0.31768285386157075,0.3287084456152037,0.02780014069473487,0.010000032523894007
2.04,0.0665460872701895,0.44425423060976255,0.1332124488100869,0.3165152640221325,0.328657152652916,0.027772791394557367,0.010000029301117954
2.05,0.06650119313813703,0.4444477392639252,0.13319034241852637,0.3153492742917484,0.328604950620159,0.02774615210530992,0.010000026415548074
2.06,0.06645670925909662,0.444638187112879,0.1331689529704574,0.3142029291224601,0.32855276920905074,0.027720189703120544,0.010000023798044945
2.07,0.06641419797754451,0.44482999503556014,0.13314750075951615,0.3130485093075531,0.3284990638195197,0.027694842105178922,0.010000021448492002
2.08,0.06637145507572202,0.44501127523480466,0.13312707652959258,0.3119302856041333,0.3284459185844202,0.027670265999867074,0.01000001932820026
2.09,0.06632896557520299,0.4451981706440328,0.13310695129671787,0.310807017970505,0.3283918828261271,0.027646123150048444,0.010000017417510072
2.1,0.06628611122084895,0.4453785724071601,0.13308740201637012,0.30970134336666777,0.3283378239149671,0.02762261795412338,0.010000015691617962
2.11,0.06624328884550947,0.44555472887698294,0.13306843005707003,0.3086110881962326,0.3282837699404141,0.02759972109013365,0.010000014141551557
2.12,0.06620171055658308,0.44573089324086557,0.1330496902761225,0.30752570633210935,0.32822908374807536,0.027577395940961504,0.010000012742485439
2.13,0.0661596605281497,0.4459067797888861,0.13303157952157724,0.30644776899722564,0.32817369648782335,0.027555499412428155,0.010000011485065111
2.14,0.06611951378259927,0.4460825963290609,0.13301359637115773,0.3053702611455409,0.32811750174024457,0.027534127179541828,0.01000001034992848
2.15,0.06607984480478793,0.4462516756469938,0.1329960728183562,0.3043121464317823,0.32806147257577656,0.027513390214108098,0.010000009324359412
2.16,0.06604065521855393,0.44641616966932623,0.13297887871042943,0.3032693615781258,0.3280058105399457,0.027493291350737022,0.010000008403268567
2.17,0.06600276334059785,0.4465893829767473,0.13296168578160203,0.3022131020519008,0.3279492322308908,0.027473528178058048,0.010000007573166105
2.18,0.06596499575865139,0.44674907749905485,0.13294526084701508,0.30119047276447714,0.32789262840856215,0.027454400745545265,0.010000006825066927
2.19,0.06592865878522208,0.44691042234234013,0.13292905641479716,0.30017351433020517,0.3278361839744285,0.027435764808248688,0.010000006150480117
2.2,0.06589232478169531,0.44707344360964807,0.1329129743437609,0.29915304428052825,0.3277782966157722,0.02741751829718469,0.010000005542569192
2.21,0.06585552674028147,0.4472301581767035,0.13289743764484954,0.29815079480338236,0.3277202445890382,0.027399738010115093,0.01000000499335888
2.22,0.06581874364132798,0.44738308622158773,0.1328823236759282,0.2971628828135926,0.32766267860911324,0.027382441223900402,0.010000004500100253
2.23,0.06578312261684902,0.44753696170800883,0.13286724882717427,0.29617676787997016,0.32760462882094266,0.027365596260379394,0.010000004054187649
2.24,0.06574592753296203,0.4476934062665124,0.1328528620794918,0.2951916741555716,0.3275454999456244,0.027348890987471057,0.010000003654942486
2.25,0.0657111945023235,0.4478429016596163,0.13283868688160924,0.29422470859803695,0.3274869843743694,0.027332749071021387,0.01000000329277613
2.2600000000000002,0.06567552670807718,0.4479930727890746,0.13282478504399567,0.2932599367101093,0.32742811356605983,0.0273165941608391,0.010000002968478344
2.27,0.06564185222691842,0.4481381962192363,0.13281094016681677,0.2923104972704242,0.3273697964939391,0.027300811093005865,0.010000002674333364
2.2800000000000002,0.06560750784972319,0.44828414880576206,0.13279748742663716,0.2913651786101448,0.3273106255392348,0.027285190212658093,0.010000002410855061
2.29,0.06557492754737755,0.4484263390717213,0.13278421392466241,0.2904325511008829,0.32725163225416665,0.027270011019093054,0.010000002171964683
2.3000000000000003,0.06554278711234324,0.4485652645237386,0.13277121853790375,0.28951096241696483,0.32719251153879225,0.02725524512008693,0.010000001957112122
2.31,0.06551226124875222,0.4487038947971414,0.1327581842476044,0.2885908866671952,0.32713281737108374,0.027240924569626693,0.010000001763512954
2.32,0.06548180677180872,0.44884043705683446,0.13274559842704473,0.2876818938435235,0.3270726109988678,0.027226914635623694,0.010000001589551914
2.33,0.06545145582505767,0.4489775709279877,0.13273354049749783,0.2867816242605412,0.3270126390952499,0.027213153493718285,0.01000000143204404
2.34,0.06542051285637601,0.4491113001838947,0.1327217880218332,0.2858892363439798,0.326952615235235,0.027199732818635306,0.01000000129014354
2.35,0.0653907621727028,0.449241611461919,0.13270994250704973,0.28500163879115975,0.32689237794187614,0.027186818897276796,0.010000001163034596
2.36,0.06536133710134583,0.4493723407252284,0.1326985028111314,0.2841256456675611,0.3268323178468551,0.027174208979259457,0.0100000010477901
2.37,0.06533170356954532,0.44949916274254553,0.13268750469613516,0.28326222735294887,0.3267721407381566,0.027161902759546337,0.010000000944282036
2.38,0.0653032784268469,0.4496306957735013,0.13267644292797962,0.28238967847583524,0.3267114553389182,0.027149880115507872,0.010000000850999228
2.39,0.06527443506754783,0.44975272297904256,0.13266586773203073,0.28154237855147246,0.3266511910243265,0.02713825358695878,0.010000000766915169
2.4,0.065246562894488,0.44987907483726425,0.1326552399080043,0.28068898896308975,0.3265902769009271,0.027126945116468418,0.01000000069113914
2.41,0.06521816583492196,0.4499997238675419,0.13264495041251448,0.27985258320744577,0.32652965489863583,0.02711596864396869,0.010000000622654518
2.42,0.06519169787134048,0.4501183876717666,0.13263445516455166,0.27901722817025354,0.3264685252553385,0.02710544346345757,0.010000000561337426
2.43,0.06516488983625658,0.4502368072802918,0.1326244262015891,0.27819610309696235,0.3264078889878507,0.02709512328769977,0.010000000505714791
2.44,0.0651379961313836,0.450353587360208,0.1326146779879202,0.27737960967074693,0.32634680496507734,0.027085017132716535,0.010000000455867327
2.45,0.0651113124186039,0.45047000065886267,0.13260521055235408,0.27657181401129766,0.32628643437069943,0.027075138925493385,0.010000000410695669
2.46,0.06508399827508572,0.4505843884852843,0.13259603511768647,0.2757709419651998,0.32622583161701607,0.027065479508040797,0.010000000370000048
2.47,0.06505555511431627,0.4506999549535582,0.13258717676332724,0.27497047700489247,0.32616494042896826,0.0270559909359092,0.010000000333563594
2.48,0.06502926157463405,0.4508100109701844,0.132578272318765,0.27418455442876766,0.32610468064919423,0.027046936322611504,0.01000000030051095
2.49,0.0650027465906307,0.4509193632953434,0.13256953214519526,0.2734049107421791,0.32604421408741413,0.0270381466762343,0.010000000270842423
2.5,0.06497712533727057,0.45102554163873587,0.13256086010882173,0.27263653072768246,0.32598441468668865,0.027029676694573148,0.010000000244086656
2.5100000000000002,0.06495270049708232,0.4511345540364321,0.13255205292768268,0.27186111454563305,0.325923155676473,0.027021459241885048,0.010000000219974015
2.52,0.06492809357420244,0.4512373306283583,0.13254364339011726,0.27110635090447677,0.3258628887629139,0.027013462694946744,0.010000000198223273
2.5300000000000002,0.06490344269319864,0.45134218893433214,0.13253532902378024,0.27035056656199025,0.3258023500236234,0.02700563880792255,0.010000000178623217
2.54,0.06487846971853489,0.45144481283808213,0.13252729092177062,0.2696038503026892,0.32574209158687645,0.02699799999470372,0.01000000016101351
2.5500000000000003,0.06485477728632712,0.4515456402643338,0.13251932909375314,0.2688654215365155,0.32568208168820584,0.026990608348521728,0.010000000145058764
2.56,0.06483126029094473,0.451644658411218,0.13251147694128435,0.2681333745893367,0.32562210833698424,0.026983450400010767,0.010000000130684965
2.57,0.06480999432123653,0.45184985194302313,0.13267184787064507,0.2675493070322859,0.3253161586689715,0.026936762696697574,0.010000000117873917
2.58,0.06512706506931176,0.4518809981932891,0.13263218688261988,0.26678367770846884,0.32538641569200033,0.02692898049752488,0.010000000106311746
2.59,0.06505284584545365,0.4519729961069081,0.13258714370075075,0.265941259358863,0.3256616099810135,0.0269265720127474,0.01000000009587516
2.6,0.06497476291193949,0.452233639868089,0.13259832418065756,0.26515113329639584,0.32561750535291906,0.026909475610734142,0.010000000086457822
2.61,0.06492526950862434,0.4524360740369548,0.13266512668870808,0.264416092321312,0.3255142496056114,0.026888865327340274,0.010000000077960496
2.62,0.06488336065424143,0.4524843832931671,0.13265640680951343,0.2637030669856325,0.3254529388545287,0.026878517032637925,0.010000000070284737
2.63,0.06483572269615924,0.4525127408024482,0.1326352557747009,0.2630076877026136,0.3254159263639348,0.026874677528287996,0.010000000063349068
2.64,0.06479008870103779,0.4525934328448743,0.13261812819839408,0.2623241127314759,0.3253646290190872,0.026870524389905944,0.010000000057097808
2.65,0.06475288795042204,0.45269482434219155,0.13260773605529516,0.26165017420381054,0.325299301663634,0.026864143595857704,0.010000000051463422
2.66,0.06472026445773123,0.45277942282762573,0.13259886349711994,0.260981188469859,0.32523803779196064,0.026857832658131263,0.010000000046385035
2.67,0.06468797516640994,0.45285694730067944,0.1325895370715203,0.2603142629815175,0.3251824702181793,0.026852361667401126,0.010000000041799979
2.68,0.0646565074906578,0.45294015102527,0.13258126936188416,0.25965763796186725,0.32512637055897237,0.026846880025932177,0.010000000037667784
2.69,0.06462759134445384,0.45302918658816155,0.13257438574558467,0.2590017244400297,0.3250673283371841,0.02684107785275101,0.010000000033942696
2.7,0.06460006169127132,0.45311413413465196,0.13256815918835133,0.25835427441858955,0.32500873179846795,0.02683533618140858,0.010000000030592423
2.71,0.06457458074203479,0.4531947523217245,0.13256186573759343,0.2577159478645898,0.32495142880110134,0.026829980964280648,0.010000000027569214
2.72,0.06455055080579888,0.45327787692082294,0.13255550976764593,0.25707490589277876,0.32489329494783425,0.02682486559214523,0.010000000024844762
2.73,0.06452689967647939,0.45335850455710885,0.1325494634602896,0.2564454838349106,0.3248354892941742,0.026819862044366302,0.010000000022382908
2.74,0.06450307179459962,0.4534395484505648,0.13254363385907356,0.2558191189797993,0.3247780046048278,0.026814944957902185,0.010000000020177258
2.75,0.06448112495383462,0.45351770752525966,0.13253765540235599,0.2552004446886947,0.32472125680930486,0.026810317515902474,0.010000000018177906
2.7600000000000002,0.06445954284105254,0.45359439301925664,0.1325316928955945,0.2545883805656483,0.3246647217520709,0.026805884258284802,0.010000000016378706
2.77,0.06443784097432403,0.4536714143219905,0.13252577703476243,0.2539789250401336,0.32460849756405236,0.026801582763175954,0.010000000014763318
2.7800000000000002,0.0644176231036168,0.4537464042375006,0.13251973698936023,0.2533758932480217,0.3245526838432963,0.02679751591346685,0.010000000013300427
2.79,0.06439662695320211,0.4538219844495111,0.13251381840932688,0.2527752385291657,0.3244967102982129,0.02679350720811823,0.010000000011990298
2.8000000000000003,0.06437709862872243,0.4538940057376985,0.13250773021159123,0.25218325307405715,0.3244415668299703,0.02678977347397415,0.010000000010802187
2.81,0.06435763024323464,0.4539646765800132,0.13250156460629817,0.2515964932983705,0.3243866487419252,0.026786232723626666,0.010000000009731804
2.82,0.06433916274644494,0.4540331150152715,0.13249522006366152,0.2510143588516951,0.3243319126690035,0.026782911398889258,0.010000000008771723
2.83,0.06432121074740303,0.45410355495813143,0.13248909473852835,0.25043759180832154,0.3242775442019788,0.02677962324304107,0.010000000007902538
2.84,0.06430261450723168,0.45417279897890583,0.1324832736231003,0.24986607300078648,0.3242226921263908,0.026776321984540014,0.010000000007119479
2.85,0.06428562545101706,0.4542381226817013,0.13247717788409186,0.2492977791217732,0.3241679487834689,0.026773295797454837,0.010000000006418095
2.86,0.06426852893911579,0.4543051385119656,0.13247133141411782,0.24873683492436172,0.3241136531804773,0.026770290089180807,0.01000000000578213
2.87,0.06425086644373221,0.4543705574488214,0.13246583144380206,0.24818359501865297,0.3240592616263676,0.026767272799083294,0.010000000005210796
2.88,0.0642345827467365,0.454437208160516,0.13246024577394414,0.24762702933731787,0.32400484228186777,0.026764385963394664,0.010000000004695916
2.89,0.06421745017694902,0.4545012544319334,0.1324549731305794,0.24708130063096617,0.32395045032746334,0.026761529338322758,0.010000000004230599
2.9,0.06420127782342336,0.45456290822678524,0.132449616070841,0.2465393754528161,0.32389602457872213,0.02675885220095985,0.010000000003813589
2.91,0.06418529979950241,0.45462569025950916,0.13244440718522935,0.24600324810478894,0.32384224993033367,0.026756219115347098,0.010000000003435702
2.92,0.06416856542284319,0.4546878580269216,0.13243947100639591,0.24547177287946903,0.3237882897167215,0.02675358167054581,0.01000000000309526
2.93,0.06415253173548062,0.4547470822532076,0.13243446156868643,0.24494507648994737,0.32373468658460663,0.026751111102809807,0.010000000002789357
2.94,0.06413815383833736,0.4548070047325877,0.13242936330693283,0.24442145626667836,0.3236817266492545,0.026748788310372733,0.010000000002513325
2.95,0.06412349287739172,0.4548661808439474,0.13242452255311646,0.2439040302869099,0.3236283724684128,0.026746466799411978,0.010000000002265006
2.96,0.06410926890245129,0.4549254513787702,0.1324197518479446,0.24338945519448826,0.3235755551936509,0.02674420849326685,0.010000000002040895
2.97,0.06409422870120983,0.4549814074916344,0.13241506400600028,0.24288375476076843,0.32352336276401866,0.026742038744074704,0.010000000001839272
2.98,0.06407980245475264,0.4550396505758112,0.1324101975861979,0.24237364867204036,0.32347116038106644,0.02674000158798071,0.010000000001657567
2.99,0.06406421976073672,0.4550945770275845,0.13240555017488795,0.24187481590637128,0.3234190802887377,0.026737997542092783,0.01000000000149332
3.0,0.06405050541337659,0.4551464256189391,0.13240050588042107,0.2413777258272827,0.32336706315588665,0.026736272077584083,0.01000000000134625
3.0100000000000002,0.06403617416472673,0.4551999771919863,0.13239569632737225,0.24088798858170618,0.3233156521971914,0.02673452432155591,0.01000000000121285
3.02,0.06402117984377356,0.4552520790540099,0.13239114092911683,0.24040483077877203,0.32326440435984577,0.02673275372104527,0.01000000000109303
3.0300000000000002,0.06400753323299957,0.4553062333891177,0.13238646751211527,0.23991712252424482,0.32321338960790286,0.026731080440887078,0.010000000000985049
3.04,0.06399265014241379,0.4553576174129394,0.13238211875850592,0.23944009882984127,0.32316235672657495,0.026729380533067105,0.010000000000887441
3.0500000000000003,0.06397923028845755,0.4554060727381034,0.1323775012112033,0.23896548714300941,0.323111360345723,0.026727912341084098,0.010000000000800025
3.06,0.06396550191237395,0.45545599473372306,0.13237305165362115,0.23849700330281107,0.323060983665179,0.026726435959326958,0.010000000000720752
3.0700000000000003,0.06395102721886096,0.4555048854381987,0.1323688752251217,0.2380344060671121,0.3230106454852666,0.026724920739620038,0.010000000000649505
3.08,0.06393800189057722,0.4555536340279408,0.13236454075199267,0.23757064088120228,0.32296054441902045,0.026723537187442956,0.010000000000585301
3.09,0.06392400846520822,0.45560152440492546,0.1323604799704657,0.2371143642657413,0.3229103601554712,0.026722127097953907,0.010000000000527306
3.1,0.06390970215683328,0.4556485309470263,0.13235653292846927,0.2366620914557928,0.32286037969946974,0.026720735805323068,0.010000000000475056
3.11,0.06389690191487983,0.45569294551458334,0.1323523240434818,0.23621293046499967,0.3228109157199846,0.026719556917779646,0.010000000000428222
3.12,0.06388423674119499,0.4557394834584721,0.13234831530433294,0.23576847259012781,0.32276174464121044,0.026718351606962426,0.01000000000038579
3.13,0.06387076741371918,0.45578544298082097,0.13234457750368472,0.2353279713595154,0.3227123165270687,0.02671708594064351,0.010000000000347562
3.14,0.06385705994825794,0.45582892151210647,0.13234083699759078,0.2348932221850917,0.3226637332988585,0.026715899759118717,0.010000000000313213
3.15,0.06384453743020795,0.4558724111733587,0.13233684705714618,0.23445712711109534,0.3226150040522995,0.026714898364608535,0.010000000000282257
3.16,0.06383184290650841,0.45591532388405936,0.13233303925670065,0.23402857906445151,0.32256646976482234,0.02671388820544616,0.010000000000254288
3.17,0.06381966795289963,0.45595614295373765,0.13232922341907952,0.23360605625005684,0.32251853176859613,0.026712948341162793,0.010000000000229168
3.18,0.06380912555938179,0.45599998368649586,0.1323252752512107,0.2331789733307754,0.322470895451461,0.026712090143481797,0.01000000000020653
3.19,0.06379699613785843,0.45604151252192265,0.1323216727816582,0.23276193623866495,0.3224230283942426,0.02671115338883423,0.010000000000186063
3.2,0.06378578137235537,0.4560798804162243,0.1323178279550932,0.23234772674592757,0.32237547307011066,0.026710406548296727,0.010000000000167724
3.21,0.06377443178464834,0.4561195594372271,0.13231402894520883,0.23193788717900557,0.32232869113755747,0.026709687483436956,0.010000000000151103
3.22,0.06376210765081282,0.45615933272873466,0.13231047404277652,0.2315315762814026,0.32228166780216405,0.026708897935719515,0.010000000000136131
3.23,0.06375068424651588,0.4561963278430367,0.13230677639837923,0.23112871481603633,0.32223499308425135,0.026708241207984523,0.010000000000122692
3.24,0.06373980066194819,0.45623504490274774,0.13230315122479666,0.23072921846508354,0.3221889419000435,0.02670759444959539,0.010000000000110535
3.25,0.06372846819494818,0.4562721403427501,0.1322997237774826,0.23033543351226754,0.32214274187398606,0.02670691700522266,0.010000000000099613
3.2600000000000002,0.0637183478150366,0.45631019928911226,0.13229615449004734,0.22993900361846906,0.3220966763102604,0.026706335887189164,0.01000000000008977
3.27,0.06370695233891015,0.45634661195349996,0.13229281656692302,0.22955063912354745,0.32205074161783126,0.026705723203134808,0.010000000000080875
3.2800000000000002,0.06369588485653556,0.45638094948569513,0.13228936102282068,0.2291658611210271,0.32200509374220254,0.02670522058047692,0.01000000000007288
3.29,0.06368632711746777,0.4564157696310329,0.13228576776785933,0.2287832600577981,0.3219601109438229,0.026704823831315512,0.010000000000065666
3.3000000000000003,0.06367640903364422,0.45645037577308983,0.13228244762181623,0.22840708318682618,0.32191511191697103,0.026704358222295124,0.010000000000059179
3.31,0.06366720394950733,0.4564875855323094,0.13227919756457343,0.22802680303544615,0.3218698305964913,0.026703863885954818,0.01000000000005333
3.3200000000000003,0.06365617079113074,0.45652129550332915,0.13227616152950072,0.22765569731581303,0.32182499788761976,0.02670333505684955,0.010000000000048047
3.33,0.06364520104458156,0.4565521115230501,0.13227294044675234,0.22728980218293615,0.3217808937696975,0.026702968297748663,0.0100000000000433
3.34,0.06363584478042575,0.45658585928978535,0.1322695355477129,0.22692045016554693,0.3217370075333395,0.026702709382394784,0.010000000000039023
3.35,0.06362510431848499,0.45661888390274996,0.13226656440674298,0.22655932945983773,0.3216928753762713,0.026702287795705985,0.010000000000035156
3.36,0.06361502378759051,0.4566492266656358,0.13226351237479875,0.22620130523646453,0.32164890841477123,0.026701963559727093,0.010000000000031687
3.37,0.06360541593626362,0.4566803477927837,0.13226038103705426,0.22584604887384882,0.32160593167246937,0.026701705205222883,0.010000000000028549
3.38,0.06359518121164226,0.45671089497374034,0.13225743802952872,0.22549559605616223,0.3215629582131648,0.02670140199727639,0.010000000000025726
3.39,0.06358621917712101,0.45674184670631135,0.1322544254317581,0.2251438706898397,0.32151992670562984,0.026701149069443667,0.010000000000023183
3.4,0.0635761001473572,0.45677172036324637,0.13225161994687887,0.22479829652968764,0.32147711878027047,0.026700855692259797,0.010000000000020886
3.41,0.06356593054707965,0.45679985342335394,0.13224879798980269,0.224457313288695,0.3214348500816576,0.02670062051002786,0.010000000000018822
3.42,0.06355732583432497,0.4568288193569007,0.13224575607418015,0.22411496514663212,0.32139289324748593,0.026700506543316356,0.010000000000016964
3.43,0.06354753880545788,0.45685794005315933,0.13224306642833578,0.22377861870136637,0.3213508128701122,0.02670027479759841,0.010000000000015283
3.44,0.06353742536736465,0.45688599866747936,0.13224047880493534,0.22344525990702943,0.32130888338563646,0.02670003174663643,0.010000000000013769
3.45,0.06352884251662108,0.4569112563578797,0.1322375394793807,0.22311412786144924,0.3212676004331543,0.02670004352076441,0.010000000000012412
3.46,0.0635201463871983,0.45693923708814405,0.13223479408728783,0.2227864693728751,0.3212266785414299,0.026699927683054316,0.010000000000011182
3.47,0.06351055038527272,0.4569672450154029,0.1322323805274835,0.22246178487998766,0.32118541217729796,0.02669967159269086,0.010000000000010074
3.48,0.0635011750388438,0.4569924252512935,0.13222986241093326,0.22214107681941264,0.3211448021171728,0.02669951563017576,0.010000000000009076
3.49,0.06349342834896723,0.45701733738883676,0.1322270406347216,0.22182047133993932,0.32110464540724054,0.02669985073053613,0.010000000000008178
3.5,0.06348462247675767,0.4570436929171932,0.1322245605122911,0.22150452749003888,0.3210642197212319,0.02669970313734275,0.01000000000000737
3.5100000000000002,0.06347611976353132,0.4570683653177091,0.1322221184170933,0.22119150874586796,0.32102388621264427,0.026699530219310253,0.01000000000000664
3.52,0.06346910627968091,0.45709244647475594,0.13221945710351754,0.2208803065427815,0.3209843975490831,0.026699627996637474,0.010000000000005983
3.5300000000000002,0.06346175708405233,0.4571169830838677,0.13221695722262727,0.22057259815327587,0.3209447919039268,0.02669957718430484,0.010000000000005392
3.54,0.06345407762055796,0.4571427043875977,0.1322147050733709,0.22026742051378273,0.32090548038268646,0.026699431156214044,0.010000000000004857
3.5500000000000003,0.06344555310475243,0.45716566176247003,0.13221246592305996,0.21996643078507472,0.320866527524295,0.02669934227406217,0.010000000000004377
3.56,0.06343800111220166,0.4571886585460744,0.1322099379130429,0.2196643569559187,0.320827965547613,0.026699915810981977,0.010000000000003945
3.5700000000000003,0.06342926601140172,0.4572119358303297,0.1322076726082305,0.21936764174595383,0.32078937007548936,0.026699828305192727,0.010000000000003553
3.58,0.06342052451651752,0.4572338830546557,0.13220546906915417,0.2190747779228521,0.32075103024471924,0.026699683741089986,0.0100000000000032
3.59,0.06341342028488234,0.4572553672105973,0.13220299515299358,0.21878146576978,0.32071315636747827,0.02670029248255316,0.010000000000002885
3.6,0.06340510932920153,0.45727766533145153,0.1322007953021976,0.21849271267626202,0.3206751731329897,0.02670020160710088,0.010000000000002597
3.61,0.06339634146876473,0.4572993974325454,0.13219873040426192,0.21820649774430623,0.32063730513515054,0.02670001505742171,0.010000000000002337
3.62,0.06338824026865858,0.45731903703697085,0.13219649594999894,0.21792403865180396,0.3206002618641859,0.026700305827701085,0.010000000000002104
3.63,0.06338167874400885,0.4573404792769647,0.13219414018578474,0.2176400096988139,0.32056332948671423,0.026700580431583413,0.010000000000001896
3.64,0.06337385358326052,0.45736196621826325,0.13219215921047872,0.21736146044051927,0.32052611278490095,0.026700463990148103,0.010000000000001709
3.65,0.06336581668656778,0.4573816002392788,0.13219016326209412,0.21708593287451255,0.3204892436631946,0.02670039784420254,0.01000000000000154
3.66,0.06335956097300603,0.45739893624022404,0.13218774153437268,0.21681217698404748,0.3204531831153533,0.026702237838784663,0.010000000000001388
3.67,0.06335366257383519,0.4574183053689037,0.13218545632502568,0.21654176669697633,0.32041721766527925,0.026702222093009376,0.010000000000001251
3.68,0.06334784652396667,0.457438788219153,0.1321834194791399,0.2162715031220684,0.32038060818758135,0.0267018940342949,0.010000000000001126
3.69,0.06334033392326117,0.45745790768383987,0.13218156991856236,0.21600516392733293,0.3203442807673646,0.0267016720742072,0.010000000000001015
3.7,0.06333204479010429,0.4574757308345047,0.1321796480133433,0.2157410187797086,0.32030870925353067,0.026701716524663858,0.010000000000000914
3.71,0.06332434285174182,0.4574926311193363,0.13217759531528217,0.21548036152735836,0.32027383110306823,0.026702440549297102,0.010000000000000824
3.72,0.06331833618767638,0.4575117153336853,0.13217554391374756,0.21521839627547562,0.32023877699738607,0.02670244765365787,0.010000000000000743
3.73,0.06331109971336095,0.45753043172795477,0.13217382063728206,0.21496146462549054,0.32020347308079605,0.02670231577041941,0.01000000000000067
3.74,0.06330352460897305,0.45754717289229613,0.13217203618424786,0.21470680695984742,0.3201685884811146,0.02670254527801512,0.010000000000000604
3.75,0.0632978501486963,0.457561411990243,0.13216974083586033,0.21445344992537388,0.3201343405207508,0.026704477368194802,0.010000000000000547
3.7600000000000002,0.0632916328449211,0.45757918226997324,0.13216776560608146,0.21420331376793417,0.32010022053180315,0.026704398159642293,0.010000000000000493
3.77,0.06328437002933668,0.4575971028642941,0.13216615068028037,0.2139554111161574,0.3200657122412655,0.026703977603111932,0.010000000000000444
3.7800000000000002,0.0632777591471489,0.4576116754322263,0.13216431624233713,0.21371091825893354,0.32003203575335293,0.026703959167692477,0.010000000000000401
3.79,0.06327263245191213,0.45762883293652434,0.1321623041437405,0.21346378151443907,0.3199988102785481,0.02670490646913086,0.010000000000000361
3.8000000000000003,0.06326577703157851,0.45764588029249265,0.13216071560534923,0.21322253754825896,0.3199651454930032,0.02670478789252757,0.010000000000000326
3.81,0.06325879098922259,0.457660567298286,0.13215907039191935,0.21298433477872938,0.3199317980412149,0.026704666435412968,0.010000000000000292
3.8200000000000003,0.06325336662800324,0.45767405651160215,0.1321569828885021,0.2127460534691615,0.31989921173606645,0.026706531084004906,0.010000000000000264
3.83,0.06324674721651857,0.457689434787578,0.1321551782137661,0.21251119868333535,0.3198663844268733,0.026706463184217433,0.010000000000000236
3.84,0.06323996420422835,0.45770430993353006,0.13215354670704307,0.212279060519741,0.31983360094181873,0.026706162270746524,0.010000000000000214
3.85,0.0632349287303377,0.45771723330196373,0.13215160271796492,0.2120474887502466,0.31980134998972737,0.026707096217807903,0.010000000000000193
3.86,0.06322907420512863,0.4577316234848298,0.13214984561313914,0.21181883353905528,0.3197690735254344,0.026707087838845237,0.010000000000000172
3.87,0.06322474596650432,0.45774392996573676,0.13214793454202797,0.21159116560155325,0.31973665274515495,0.02670768429832861,0.010000000000000158
3.88,0.06321940912086198,0.4577582537059531,0.13214623971410386,0.21136671925384104,0.3197047406626616,0.0267076630149577,0.010000000000000144
3.89,0.06321267486093163,0.4577723093718967,0.13214475693369163,0.2111441281459849,0.3196729278775426,0.026707567721249728,0.01000000000000013
3.9,0.06320641209699959,0.45778400661020924,0.13214309021627818,0.2109245394777242,0.3196418712071878,0.02670866229920697,0.010000000000000116
3.91,0.0632016771614162,0.45779811156396616,0.13214131363760936,0.2107029653135517,0.3196110716873684,0.026708691229969914,0.010000000000000103
3.92,0.06319541365026847,0.45781215898537025,0.1321399120916653,0.21048632122372454,0.3195798404151191,0.026708551780728753,0.010000000000000094
3.93,0.06318878460557133,0.45782421844172205,0.1321384781320791,0.21027166020806348,0.31954885547951745,0.026708995311420826,0.010000000000000087
3.94,0.06318350903758302,0.4578339617019385,0.13213659850522294,0.210058562512701,0.31951864773893274,0.026710634183828085,0.01000000000000008
3.95,0.06317814804143096,0.45784690734208927,0.1321349021290024,0.20984745091582319,0.31948862748568196,0.026710627586453334,0.010000000000000073
3.96,0.06317187322058054,0.45786020207621925,0.1321335485683647,0.20963831327237709,0.31945813768297726,0.02671033199737332,0.010000000000000066
3.97,0.06316541557522704,0.4578714894718142,0.13213213667048765,0.20943147176735055,0.319428194634401,0.026710392672068425,0.01000000000000006
3.98,0.06315931789327649,0.4578826097752494,0.13213056949840088,0.2092256485073182,0.31939877352575546,0.026711449873286813,0.010000000000000052
3.99,0.06315375890418061,0.4578942425358947,0.13212905179599227,0.20902261520473261,0.3193694192012001,0.026711512065087258,0.010000000000000045
4.0,0.06314882987166089,0.457905455298492,0.13212751482712456,0.20881960928519766,0.3193396186439822,0.026711679355705852,0.010000000000000042
4.01,0.0631433716296428,0.4579160291030337,0.1321259927730922,0.2086197118661284,0.3193103344737545,0.026712324571257728,0.010000000000000035
4.0200000000000005,0.06313717753865677,0.4579271390155308,0.13212450530253672,0.20842092577221413,0.319281606200155,0.026712376476955495,0.010000000000000035
4.03,0.06313200217668212,0.4579374806582414,0.13212292302500758,0.2082243472326374,0.31925314022564033,0.026713461171983914,0.010000000000000033
4.04,0.06312650050890868,0.45794810984314144,0.13212145926634974,0.20803009909128922,0.3192245925150435,0.02671350853600379,0.010000000000000033
4.05,0.06312113522436888,0.4579581884091884,0.13211994095640858,0.20783685569946597,0.3191963569261105,0.026713781827392768,0.010000000000000033
4.0600000000000005,0.06311623512235279,0.4579679793727275,0.1321183842025719,0.20764622875662792,0.31916847449987534,0.02671454070858657,0.010000000000000033
4.07,0.06311208404205566,0.45797725677119333,0.1321167605135318,0.20745533746958103,0.3191401058578717,0.026714994235567672,0.010000000000000033
4.08,0.06310715868670799,0.45798658673391274,0.1321152347511086,0.20726770996679197,0.31911210553145686,0.02671504408162811,0.010000000000000033
4.09,0.06310167083683715,0.4579956887783412,0.13211373688697745,0.20708232513672098,0.31908472495400764,0.02671597120676955,0.010000000000000033
4.1,0.06309731092384159,0.4580039495018005,0.13211206357443825,0.20689650160401304,0.3190572833354163,0.02671657659345543,0.010000000000000033
4.11,0.0630924683124923,0.4580132649778348,0.13211058457766622,0.2067138683368479,0.31902983958665526,0.026716587722806218,0.010000000000000033
4.12,0.06308719755847675,0.4580224783905443,0.13210923404987437,0.20653350026697545,0.3190027940516495,0.02671678921212797,0.010000000000000033
4.13,0.06308328018486686,0.4580297635201008,0.1321075902401505,0.20635236170000115,0.3189757526922347,0.02671872073438555,0.010000000000000033
4.14,0.06307860838249732,0.4580382505224496,0.13210612755032808,0.20617464503704866,0.31894886930754485,0.02671861228946871,0.010000000000000033
4.15,0.06307349616413116,0.4580468511240061,0.13210478623075483,0.2059983584149733,0.3189221880886856,0.02671842334597865,0.010000000000000033
4.16,0.06306813514961947,0.45805588728422103,0.13210350705524107,0.2058228479798715,0.31889594266235144,0.026718844748037273,0.010000000000000033
4.17,0.06306387445917051,0.45806393024230285,0.13210212826387369,0.20564948581220208,0.3188698711714161,0.02671970735057512,0.010000000000000033
4.18,0.06305926848241561,0.45807188323358594,0.1321008061120253,0.20547779361992058,0.31884369888093006,0.026719761150387093,0.010000000000000033
4.19,0.06305422162842797,0.45807989009573025,0.13209947040973877,0.20530709149733983,0.31881798639787207,0.02672028495173122,0.010000000000000033
4.2,0.06305016325233673,0.4580871313330648,0.13209799265918373,0.20513831082910378,0.31879256722755184,0.02672124361057839,0.010000000000000033
4.21,0.06304570757528569,0.458094798026719,0.13209664022252174,0.20497146936469246,0.318767016085849,0.026721275953175336,0.010000000000000033
4.22,0.0630411717460436,0.45810228286567617,0.1320952893381194,0.2048058151108644,0.3187418168558163,0.02672173323554295,0.010000000000000033
4.23,0.06303770562846867,0.4581089093185743,0.13209377363830407,0.20464079818710562,0.31871664672060496,0.026722881766345193,0.010000000000000033
4.24,0.06303374922347585,0.4581161849142685,0.13209241331773472,0.20447882457318436,0.3186915826024967,0.02672288640898963,0.010000000000000033
4.25,0.06303032381756002,0.4581221201362809,0.13209089640393445,0.20431659615547818,0.3186664500952581,0.026723857153085288,0.010000000000000033
4.26,0.06302621118802174,0.45812827814730706,0.1320894448064435,0.20415698059982268,0.3186417125369761,0.026723950688597155,0.010000000000000033
4.2700000000000005,0.06302157243092779,0.4581348822252594,0.13208809761676926,0.20399929412428375,0.31861738329854106,0.02672426622453771,0.010000000000000033
4.28,0.06301823693875917,0.45814034377768004,0.13208657669328747,0.2038411303496892,0.31859288389620494,0.026725728813082442,0.010000000000000033
4.29,0.06301424965180115,0.458146629452642,0.1320852478630731,0.20368580856888044,0.318568475335945,0.026725669060367878,0.010000000000000033
4.3,0.06300979873156423,0.4581528265878055,0.13208399653982486,0.20353208814093932,0.3185444024077865,0.026725585588354927,0.010000000000000033
4.3100000000000005,0.06300566641559262,0.45815875613449414,0.13208268956172806,0.20337867753622435,0.318520609325767,0.02672692296778164,0.010000000000000033
4.32,0.06300144906072351,0.45816586382797275,0.1320815282103702,0.20322664501519203,0.3184968525652539,0.0267268144022614,0.010000000000000033
4.33,0.06299802484024558,0.4581718100523836,0.13208030845438765,0.20307653042582255,0.3184731823850435,0.026727217781457775,0.010000000000000033
4.34,0.06299406784284345,0.4581768405653146,0.13207901750525528,0.20292781686307176,0.31844973354852,0.026727936411179917,0.010000000000000033
4.3500000000000005,0.06298963639736044,0.4581820336214925,0.13207767244295807,0.20278018671022763,0.3184268295921928,0.0267281907719587,0.010000000000000033
4.36,0.06298602090538044,0.4581872854507963,0.13207630117211216,0.202634458596857,0.3184040774068911,0.026729168769834465,0.010000000000000033
4.37,0.0629829025608365,0.45819275591813774,0.13207499604658327,0.20248900863209124,0.31838079525615687,0.026729237671697385,0.010000000000000033
4.38,0.0629793753546462,0.45819775996115675,0.13207372896515443,0.20234596141172798,0.3183578976037876,0.0267298693577814,0.010000000000000033
4.39,0.06297567183166573,0.4582024003794174,0.13207237998562743,0.20220321438446295,0.31833533537007075,0.02673044882361923,0.010000000000000033
4.4,0.0629717249335662,0.45820817084105486,0.13207113743243223,0.20206170449391295,0.31831297007614884,0.026730508157271696,0.010000000000000033
4.41,0.06296854138991714,0.4582130852905003,0.13206988003391779,0.20192199889414875,0.31829064246137595,0.026731613132980454,0.010000000000000033
4.42,0.06296485718921689,0.4582172898414833,0.1320686097312708,0.20178361427428937,0.31826840177348,0.026731730463659734,0.010000000000000033
4.43,0.06296074383917134,0.4582214506082282,0.13206728320272534,0.20164625525152066,0.31824666476542757,0.02673255474905772,0.010000000000000033
4.44,0.06295729759994523,0.45822593582620236,0.1320659547586595,0.2015101071209319,0.31822503727339013,0.026732706160302554,0.010000000000000033
4.45,0.06295416696555899,0.45823077198148054,0.13206474580220035,0.20137589186855967,0.3182032705867319,0.02673331385402676,0.010000000000000033
4.46,0.06295179854796479,0.45823394745158724,0.13206337703638038,0.2012414684168981,0.31818127561755527,0.026734427671641435,0.010000000000000033
4.47,0.06294851873274061,0.45823739602645974,0.13206204371229746,0.2011093283543632,0.3181597378514629,0.026734472475148548,0.010000000000000033
4.48,0.06294464599352127,0.4582410907440996,0.13206075782938864,0.20097821663275156,0.31813853611283877,0.02673511863882355,0.010000000000000033
4.49,0.06294045706994622,0.4582461912645791,0.1320596356435775,0.20084743463135418,0.3181175419246834,0.02673510089883757,0.010000000000000033
4.5,0.06293742233834493,0.4582501841311819,0.132058466438464,0.2007185346048838,0.3180965666486038,0.026736271653075454,0.010000000000000033
4.51,0.06293409689180625,0.45825361634690653,0.1320573013214331,0.20059093017100577,0.3180755313614482,0.026736329120650104,0.010000000000000033
4.5200000000000005,0.06293044774953142,0.4582565754833421,0.1320560437753783,0.20046486744785963,0.31805506072363454,0.026737169518998006,0.010000000000000033
4.53,0.06292794188824007,0.45825891757768034,0.13205459670678016,0.2003386078154808,0.3180345027898304,0.02673793072922207,0.010000000000000033
4.54,0.06292493469615928,0.45826258441705225,0.13205337951363552,0.20021455521958653,0.31801378083805715,0.026737910082813322,0.010000000000000033
4.55,0.06292149180177081,0.4582660489252257,0.13205226673965184,0.2000918087667048,0.3179933266209096,0.02673847242044942,0.010000000000000033
4.5600000000000005,0.0629184435492987,0.45826875784150767,0.13205102896224868,0.19996921123235392,0.3179732129678971,0.026739332308545274,0.010000000000000033
4.57,0.06291527813635807,0.45827255472217754,0.13204990835344937,0.1998481130762386,0.31795316102861265,0.026739314357735085,0.010000000000000033
4.58,0.06291254381633439,0.45827599063188107,0.13204881551561343,0.1997278587809888,0.3179330327815249,0.02674005801010657,0.010000000000000033
4.59,0.06290937750216137,0.458279602030491,0.1320477447709176,0.19960867729153803,0.31791318272766034,0.02674010090816107,0.010000000000000033
4.6000000000000005,0.06290680592684712,0.4582819078360445,0.1320465163920732,0.19949088399873252,0.31789365327908636,0.026741646930765254,0.010000000000000033
4.61,0.06290366858347116,0.45828424050419864,0.1320452953174553,0.1993742128803363,0.31787415656484197,0.026741662516094885,0.010000000000000033
4.62,0.06290011784706777,0.4582870812904914,0.13204409731884295,0.19925836056636337,0.31785497539468965,0.026741920478658067,0.010000000000000033
4.63,0.06289746708686796,0.4582894929019137,0.13204285401486082,0.19914364995201497,0.3178358806280404,0.026742988529407773,0.010000000000000033
4.64,0.0628941086758267,0.4582936477074001,0.13204185439052382,0.1990293671579331,0.31781659076377494,0.02674280935128056,0.010000000000000033
4.65,0.06289163080414498,0.45829578717456954,0.1320407061946901,0.19891674736236906,0.31779760281267455,0.0267439344199983,0.010000000000000033
4.66,0.06288872168532904,0.4582973040867563,0.13203948335763432,0.19880523293478586,0.31777876757790174,0.026744062318391056,0.010000000000000033
4.67,0.06288549558885172,0.4582989854643175,0.13203822298996962,0.19869501528041508,0.31776032394313913,0.02674495956705815,0.010000000000000033
4.68,0.06288305337446537,0.4583007216328309,0.13203691202888537,0.19858489314249123,0.31774177012056304,0.02674524141662795,0.010000000000000033
4.69,0.062880478562196,0.45830329762889904,0.1320357852359477,0.19847663548177266,0.31772314726344886,0.026745446588703994,0.010000000000000033
4.7,0.06287787321358433,0.45830554596239953,0.13203468916999161,0.1983686544804544,0.3177046071131695,0.02674627490768567,0.010000000000000033
4.71,0.06287499188900002,0.45830814448965945,0.13203361046104026,0.1982614921428875,0.31768643072549757,0.026746319255964986,0.010000000000000033
4.72,0.06287277635605626,0.45830991599058574,0.1320324551240603,0.19815572704486553,0.3176683834778573,0.026747603099778458,0.010000000000000033
4.73,0.06287004811478844,0.4583113285962651,0.13203130411554215,0.19805101373503933,0.31765032893596956,0.026747653055768865,0.010000000000000033
4.74,0.06286698527335331,0.4583125468275911,0.13203011196385614,0.1979475469485624,0.317632710155538,0.02674838253227895,0.010000000000000033
4.75,0.0628649750124987,0.4583132260649616,0.13202878252957004,0.19784402314816332,0.3176149880510007,0.026749181276167842,0.010000000000000033
4.76,0.06286256383477488,0.4583150807457313,0.13202765208076883,0.19774223876546798,0.3175970888468383,0.026749157163750873,0.010000000000000033
4.7700000000000005,0.06285968439806076,0.4583168790994299,0.13202662669450346,0.19764164772742263,0.3175794900458492,0.026749717757622294,0.010000000000000033
4.78,0.06285793625811718,0.45831701408753683,0.13202533116406132,0.19754081024276268,0.3175620460505206,0.026751070126224283,0.010000000000000033
4.79,0.0628555239532926,0.45831836581191443,0.1320242013701194,0.197441747787451,0.3175445904719489,0.026750987459416738,0.010000000000000033
4.8,0.06285266243827309,0.45831993381477637,0.13202318944825595,0.1973434624886153,0.31752724317078546,0.026751042776551996,0.010000000000000033
4.8100000000000005,0.0628494909051807,0.45832204539708915,0.13202223680022673,0.19724539675497618,0.3175103047757725,0.02675180352488249,0.010000000000000033
4.82,0.06284736561288018,0.45832319814804545,0.1320211879451995,0.197148672986761,0.3174934682130824,0.026752279946286008,0.010000000000000033
4.83,0.06284490832942738,0.45832428275041665,0.13202016370027922,0.19705297432023552,0.31747645343783376,0.02675247304239874,0.010000000000000033
4.84,0.06284217067757171,0.458324801768749,0.1320190639500969,0.1969582632303601,0.31745984183019826,0.026753549781072646,0.010000000000000033
4.8500000000000005,0.06283960850369623,0.4583258219047157,0.13201793647123813,0.1968640336200708,0.3174434877830584,0.026753626922975903,0.010000000000000033
4.86,0.06283755924599134,0.4583275878284862,0.1320169092230975,0.19677067467201648,0.3174269773436315,0.02675409803113152,0.010000000000000033
4.87,0.06283572510333162,0.45832919927157306,0.13201593791345262,0.1966781961603297,0.3174103880784255,0.026754381171737056,0.010000000000000033
4.88,0.06283386895702703,0.45833009847196077,0.13201488984541876,0.19658652357565434,0.31739406598588216,0.026755396872196163,0.010000000000000033
4.89,0.06283191687804901,0.4583307770590919,0.1320137585135585,0.19649564999676197,0.31737801701157947,0.026755501199945034,0.010000000000000033
4.9,0.06282992591925954,0.45833175663623843,0.1320126376035827,0.19640560991003964,0.31736204927322226,0.026756377350423084,0.010000000000000033
4.91,0.06282794775091737,0.4583327685872885,0.13201154663926135,0.19631638221732572,0.31734613873872664,0.026756466312384913,0.010000000000000033
4.92,0.06282597609841721,0.45833354438659984,0.13201045675288392,0.1962279430985399,0.3173303544755629,0.02675746152563563,0.010000000000000033
4.93,0.06282397866644868,0.45833420123795077,0.13200934723099425,0.19614029750044265,0.31731472229597657,0.026757541138437094,0.010000000000000033
4.94,0.06282196893396258,0.45833484828852056,0.132008237220556,0.19605344326982407,0.31729919670868745,0.026758473099663883,0.010000000000000033
4.95,0.06281997175646373,0.4583354881435551,0.13200713367050537,0.19596737008215573,0.317283751893382,0.026758558007537157,0.010000000000000033
4.96,0.0628179773391458,0.45833608855606417,0.13200603302351738,0.19588205545691073,0.31726841181586685,0.026759513588548972,0.010000000000000033
4.97,0.06281598182220963,0.4583365718479484,0.13200493407679173,0.1957975052374913,0.31725320169221133,0.026759586312646556,0.010000000000000033
4.98,0.06281398666403844,0.458337038351281,0.1320038490630492,0.1957137194141838,0.31723808540959564,0.0267604770661983,0.010000000000000033
4.99,0.06281200618317227,0.4583374542245348,0.13200275606423778,0.19563069125020283,0.3172230748117536,0.026760567585822508,0.010000000000000033
5.0,0.06281003110369192,0.4583378306017055,0.13200166088758772,0.19554838770289545,0.31720818099802905,0.026761622529041677,0.010000000000000033
5.01,0.0628080591323469,0.4583381409875022,0.1320005682462227,0.1954668300995842,0.3171933669489773,0.026761673435411745,0.010000000000000033
5.0200000000000005,0.06280610094154734,0.4583384057220626,0.13199949067231262,0.19538599495696457,0.3171786684623956,0.026762505734506656,0.010000000000000033
5.03,0.06280416047464221,0.45833864528336277,0.1319984169981468,0.19530589160919345,0.3171640575053361,0.02676258830912954,0.010000000000000033
5.04,0.06280222509579739,0.458338826751267,0.13199734187355036,0.19522650779980336,0.3171495470597201,0.02676364081053755,0.010000000000000033
5.05,0.0628003025502392,0.4583389669230456,0.13199626663732317,0.1951478266134026,0.31713514915786173,0.026763689396078417,0.010000000000000033
5.0600000000000005,0.0627983943985184,0.45833908432306,0.13199521662786842,0.19506986401348098,0.31712084467933715,0.026764593245466664,0.010000000000000033
5.07,0.06279651167978365,0.4583391449539293,0.13199416860074123,0.1949925956617731,0.3171066327941717,0.026764658816098776,0.010000000000000033
5.08,0.0627946428781193,0.4583392092310686,0.13199311688511306,0.19491601882645204,0.3170925182994185,0.026765597528119897,0.010000000000000033
5.09,0.06279278455802932,0.45833920432422354,0.1319920608205452,0.19484012491290556,0.3170785094083032,0.026765668981090188,0.010000000000000033
5.1000000000000005,0.0627909458891408,0.4583391820305948,0.1319910021284309,0.19476490294673493,0.31706458825481904,0.026766629881420635,0.010000000000000033
5.11,0.06278912863840058,0.45833911179093784,0.13198996647900396,0.19469037170777703,0.31705077216308497,0.02676668451184157,0.010000000000000033
5.12,0.0627873193971522,0.4583390386899039,0.1319889324734766,0.194616498282461,0.3170370380880953,0.02676758122374546,0.010000000000000033
5.13,0.06278553691553862,0.45833894920259094,0.13198789178133633,0.1945432962296504,0.3170234150404471,0.026767646062009258,0.010000000000000033
5.14,0.06278376305611148,0.45833882007303445,0.13198685993466186,0.19447083100376644,0.31700989692261605,0.026768727941109342,0.010000000000000033
5.15,0.06278255331353806,0.45833818173485785,0.13198569777220323,0.1943987980097661,0.316996326259057,0.026768846152519246,0.010000000000000033
5.16,0.06278048617386599,0.4583376271289063,0.13198462106738518,0.19432801580958425,0.3169828947940538,0.026769677866303826,0.010000000000000033
5.17,0.06277865992803382,0.45833671539512233,0.13198345535519065,0.19425724212533882,0.3169696385218323,0.026770179137408666,0.010000000000000033
5.18,0.06277638911080415,0.45833598743975035,0.13198236440725591,0.19418747585178533,0.31695646675342193,0.02677029556010569,0.010000000000000033
5.19,0.06277332320763408,0.45833613928093514,0.13198147200591673,0.19411783827840395,0.3169433890933125,0.026770569777917728,0.010000000000000033
5.2,0.06277153851539238,0.4583356961122428,0.1319804765189131,0.1940491546691518,0.31693047289112514,0.026771814511257475,0.010000000000000033
5.21,0.06276946146250947,0.4583349692641722,0.1319794814823011,0.19398121806823307,0.31691747860216624,0.02677182276797859,0.010000000000000033
5.22,0.0627672015125319,0.4583339993354827,0.13197841380804246,0.19391389332818124,0.3169047128341898,0.026772689884671012,0.010000000000000033
5.23,0.06276500163558008,0.4583330634422773,0.13197735022473756,0.19384715635469654,0.31689204868695336,0.026772764801514283,0.010000000000000033
5.24,0.06276290600637678,0.4583322987110648,0.13197635002529798,0.19378103050905734,0.3168793408797046,0.026773496541178478,0.010000000000000033
5.25,0.0627609265214716,0.4583315221284395,0.1319753710528586,0.19371550039022936,0.3168666839836122,0.026773573144040864,0.010000000000000033
5.26,0.06275901716339709,0.4583306926700613,0.1319743898756332,0.1936505312321687,0.31685415109978793,0.02677451477307398,0.010000000000000033
5.2700000000000005,0.06275714788591595,0.4583298482896687,0.13197340896714846,0.19358615315260203,0.3168417057008504,0.02677458485360825,0.010000000000000033
5.28,0.06275533711983163,0.45832900459077863,0.13197244475667527,0.1935223516597334,0.31682931901987205,0.026775349090594463,0.010000000000000033
5.29,0.06275359488306652,0.45832817289714683,0.13197148615072818,0.19345910974883804,0.31681699576297634,0.026775436616624085,0.010000000000000033
5.3,0.06275189410416951,0.45832730855091924,0.13197051163117454,0.19339642731269774,0.31680477508994626,0.026776289734775485,0.010000000000000033
5.3100000000000005,0.0627502012857325,0.4583264703835712,0.1319695618449281,0.1933342938150255,0.3167926646135494,0.026776363022439742,0.010000000000000033
5.32,0.06274835626715092,0.4583260314106563,0.13196869720164991,0.19327249253521558,0.31678066418983025,0.026776874202850798,0.010000000000000033
5.33,0.06274747461823554,0.4583253509597847,0.13196773781232451,0.19321139333723036,0.3167687221636269,0.02677762896910481,0.010000000000000033
5.34,0.06274606138964965,0.4583248330084836,0.1319668638832445,0.1931511471040428,0.31675678589907785,0.026777611823906172,0.010000000000000033
5.3500000000000005,0.0627461029116248,0.45832328148841445,0.13196568011334106,0.19309075438872722,0.3167448270789684,0.02677959339953183,0.010000000000000033
5.36,0.0627448963782175,0.4583221359988476,0.13196463825070964,0.19303161243979283,0.3167329545045476,0.02677942647330096,0.010000000000000033
5.37,0.06274312266193297,0.4583211543966944,0.1319636632816041,0.192972870360653,0.31672123714841843,0.026779262856996496,0.010000000000000033
5.38,0.06274127606541093,0.458320181508357,0.13196270706680852,0.19291462793828554,0.31670979574425806,0.026780449574649298,0.010000000000000033
5.39,0.0627396117399272,0.4583195230225512,0.1319618105905135,0.19285665652673412,0.3166984520822414,0.02678042767387078,0.010000000000000033
5.4,0.0627384449250895,0.45831916929285565,0.13196097687045252,0.1927990941555196,0.3166870280071016,0.02678055349443368,0.010000000000000033
5.41,0.06273795269886931,0.4583185143287108,0.131960074051951,0.19274226351940463,0.3166755598062527,0.02678165778445534,0.010000000000000033
5.42,0.06273653222079964,0.4583175495883104,0.131959143561546,0.1926861968410915,0.31666430315496324,0.026781706445136253,0.010000000000000033
5.43,0.06273564607844148,0.45831587676712476,0.13195794730401822,0.19263011722657009,0.31665336608230854,0.026783277019179562,0.010000000000000033
5.44,0.06273429908331953,0.4583146501348782,0.13195689962628113,0.19257498133024964,0.31664225819378905,0.02678318761734978,0.010000000000000033
5.45,0.06273244426468669,0.45831384988253765,0.13195601864281267,0.1925204965983892,0.3166312046988442,0.026783039153008118,0.010000000000000033
5.46,0.06273204745174848,0.45831212948825906,0.13195487259649627,0.19246587358548542,0.3166202478471455,0.026785176595057067,0.010000000000000033
5.47,0.062730769789494,0.45831083291675123,0.1319538693800329,0.1924123080962344,0.3166092389888943,0.02678499674558317,0.010000000000000033
5.48,0.06272899193350334,0.4583096801013718,0.13195294138875627,0.1923591320798705,0.3165983703293488,0.026784779409339494,0.010000000000000033
5.49,0.06272715714212976,0.4583084108243541,0.1319520070371347,0.19230633134727126,0.31658775435029307,0.0267858120351881,0.010000000000000033
5.5,0.06272521674100595,0.4583074762418756,0.13195114304151123,0.19225387273586325,0.31657726779248935,0.026785804446684804,0.010000000000000033
5.51,0.06272386741823498,0.4583068043890687,0.13195032007141988,0.1922017708655881,0.31656675820191893,0.026785956610070757,0.010000000000000033
5.5200000000000005,0.06272336553623782,0.4583058569463992,0.1319494230529588,0.19215033136112028,0.3165561817534106,0.026787065902203887,0.010000000000000033
5.53,0.06272186304611808,0.45830500955559367,0.13194858920027153,0.19209927490661846,0.31654570385666564,0.026787008694895312,0.010000000000000033
5.54,0.06272089485689422,0.45830364121711337,0.1319475744416398,0.1920487145654327,0.31653557007386174,0.02678803656135493,0.010000000000000033
5.55,0.0627190742633365,0.4583027578359581,0.13194668208694826,0.19199844657117326,0.3165254070970796,0.026787952687775406,0.010000000000000033
5.5600000000000005,0.06271816914792672,0.4583016219032579,0.1319457161216979,0.19194881827712018,0.31651530108212933,0.02678878037468166,0.010000000000000033
5.57,0.06271685177517186,0.45830030248383796,0.1319447586938227,0.19189972751314946,0.3165051696771976,0.026788862507930847,0.010000000000000033
5.58,0.06271492471101855,0.4582991293450294,0.13194381229261504,0.1918508318767312,0.31649536192893823,0.02678946796447486,0.010000000000000033
5.59,0.0627140632118022,0.4582977796714488,0.1319427882352338,0.19180251046005578,0.3164856143208112,0.02679009353921022,0.010000000000000033
5.6000000000000005,0.06271281146440508,0.4582966333352356,0.13194188690399297,0.19175486405232117,0.31647565166482616,0.02679010449889409,0.010000000000000033
5.61,0.06271183741488953,0.4582952069839296,0.13194089145971447,0.19170728271888837,0.3164658677101269,0.02679128794064004,0.010000000000000033
5.62,0.06271068700335276,0.45829400005206095,0.13193993889788766,0.19166049821269177,0.3164562446220657,0.026791296369011782,0.010000000000000033
5.63,0.06271179455429815,0.45829209532273196,0.13193880718982046,0.19161368479944474,0.31644628983886036,0.026792510858869557,0.010000000000000033
5.64,0.0627107193695439,0.45829050677664424,0.1319378302849649,0.1915678369171647,0.3164364530565588,0.026792457288533345,0.010000000000000033
5.65,0.06270898349993247,0.45828887945737934,0.13193686705374555,0.19152224705295648,0.3164269145898604,0.026792842644486586,0.010000000000000033
5.66,0.06270723649256252,0.45828726275512144,0.13193590592112625,0.19147698173057895,0.31641756317569125,0.02679328332859301,0.010000000000000033
5.67,0.06270550151601416,0.4582859324097782,0.131935030477718,0.19143223294171732,0.31640825507797415,0.02679333793117888,0.010000000000000033
5.68,0.06270482201181525,0.4582843922816314,0.13193408913121962,0.19138756514875663,0.31639882200823255,0.026794609279623394,0.010000000000000033
5.69,0.06270385350016201,0.4582830204082789,0.13193321287084558,0.19134358389698478,0.31638934834709465,0.026794575280440686,0.010000000000000033
5.7,0.06270199531955965,0.4582820728141885,0.13193242789025086,0.1912996265267265,0.31638015590173135,0.026794494160290467,0.010000000000000033
5.71,0.06270121562859376,0.45828070885730177,0.13193149395318704,0.19125623640248712,0.31637114576475983,0.026795970191510032,0.010000000000000033
5.72,0.06270006294333355,0.4582792291135221,0.13193059941932375,0.19121338565858495,0.316361958435761,0.026795951554951597,0.010000000000000033
5.73,0.06269861420612062,0.4582775845080746,0.1319296759688579,0.19117091900438749,0.31635296492515114,0.026796174174198623,0.010000000000000033
5.74,0.06269679507379697,0.45827642240415667,0.13192881793352057,0.19112850353977573,0.31634420689620163,0.026796545458954203,0.010000000000000033
5.75,0.06269616205280601,0.4582751369568596,0.1319279192610531,0.19108668938176898,0.3163353781074629,0.026797232015976485,0.010000000000000033
5.76,0.06269519476816297,0.45827370142553336,0.1319270525683951,0.19104540445333065,0.3163263556466836,0.02679729492030436,0.010000000000000033
5.7700000000000005,0.06269386085563398,0.4582720146229258,0.13192610954910738,0.19100454458009014,0.316317682909687,0.02679835646190455,0.010000000000000033
5.78,0.06269317330790229,0.45827021445755767,0.13192507345705826,0.1909640812323098,0.31630923648799486,0.026798463696384184,0.010000000000000033
5.79,0.06269953038580735,0.45888212881590634,0.13230204842206691,0.19076887874666054,0.31649175012787917,0.026710429017360652,0.010000000000000033
5.8,0.06266646093124936,0.4588386498152244,0.1322303554577725,0.19064323195985317,0.3168065480017801,0.0268002513955172,0.010000000000000033
5.8100000000000005,0.06262273798876453,0.4587731849762596,0.13217725891987586,0.19059161537122993,0.31680548681888443,0.02678536199661569,0.010000000000000033
5.82,0.06266397749732674,0.45878551593623174,0.13217141483270195,0.19056945816565918,0.3167248230266698,0.026766667640227122,0.010000000000000033
5.83,0.06274146357299393,0.4587864707194323,0.13216902509112335,0.19054652861497395,0.3166738219459345,0.026761033021552274,0.010000000000000033
5.84,0.06273769289315141,0.4587620778140511,0.13215573430967043,0.19051268348593856,0.31666845521099846,0.02677672088112245,0.010000000000000033
5.8500000000000005,0.0627278509296439,0.4587487232763816,0.13214659528703657,0.1904747266641064,0.3166679110091635,0.02677494636261195,0.010000000000000033
5.86,0.06272125573437201,0.4587584658757542,0.13214618096235128,0.19043795473188735,0.31665576898989733,0.02676909670791623,0.010000000000000033
5.87,0.06271701229590415,0.4587649416252988,0.13214638091553443,0.19040130867258176,0.3166419634636911,0.026765130454343086,0.010000000000000033
5.88,0.06271272951774011,0.45875916403257894,0.13214344905426892,0.19036279615421464,0.316635273036342,0.026763947078047853,0.010000000000000033
5.89,0.06270651141289647,0.4587544645583032,0.13214051129508728,0.19032497259473835,0.31662856247772236,0.026763103670673305,0.010000000000000033
5.9,0.06270178919179076,0.4587535473270555,0.13213891829860822,0.19028822676428025,0.31661841204649194,0.02676177836789417,0.010000000000000033
5.91,0.06269836202816713,0.45875247287749266,0.1321374278797434,0.19025192240128824,0.31660806009561765,0.02676054123034647,0.010000000000000033
5.92,0.06269481667358139,0.4587494317122634,0.13213522184851584,0.19021562828436206,0.3165993777780119,0.026759747465361278,0.010000000000000033
5.93,0.06269150267410459,0.45874664448859875,0.1321329767443758,0.19017972644754347,0.31659062978153296,0.026759042017511187,0.010000000000000033
5.94,0.06268892017207019,0.4587447521661701,0.1321310597209512,0.19014437409303217,0.31658098590693046,0.026758210324106975,0.010000000000000033
5.95,0.06268676600267468,0.45874278296702736,0.1321291266830557,0.1901092852453599,0.3165714917796391,0.02675744166402632,0.010000000000000033
5.96,0.06268432484131202,0.4587408103929161,0.13212703664233758,0.19007390604308066,0.3165628206327405,0.026756759542309383,0.010000000000000033
5.97,0.06268298266546717,0.45873854066572284,0.13212480442747293,0.1900391717855904,0.31655421041274173,0.02675620902789012,0.010000000000000033
5.98,0.06268144746869456,0.4587361659369492,0.13212258367770308,0.19000489239042842,0.3165454138016978,0.026755694851125028,0.010000000000000033
5.99,0.06267965589644194,0.4587334321878541,0.13212021962854115,0.18997089546968945,0.316537206818114,0.026755263965637287,0.010000000000000033
6.0,0.06267859933492871,0.4587302312542831,0.13211759851465862,0.1899368392208965,0.3165293784130648,0.026754969518833088,0.010000000000000033
6.01,0.06267725652898086,0.4587274852832992,0.1321150925695897,0.1899033027600504,0.31652143341259714,0.026754644483013578,0.010000000000000033
6.0200000000000005,0.06267519439885308,0.45872529938644563,0.1321127414512121,0.1898696069121806,0.3165137413687367,0.02675424562725697,0.010000000000000033
6.03,0.06267404526832779,0.4587225315816163,0.13211018503842462,0.18983640549181874,0.3165063770527021,0.02675399564078969,0.010000000000000033
6.04,0.06267247526500315,0.4587195294011066,0.13210761005160268,0.1898036444966303,0.3164989451903683,0.026753783166560508,0.010000000000000033
6.05,0.06267066475529065,0.4587164566628127,0.1321050260155028,0.1897711756824968,0.3164916339017718,0.026753596458426517,0.010000000000000033
6.0600000000000005,0.06266866632829494,0.4587139527929096,0.13210257132776443,0.18973873917238257,0.3164844171247837,0.026753372001715237,0.010000000000000033
6.07,0.06266776570238475,0.4587114203363064,0.13210012402962518,0.18970680309527788,0.3164770180040691,0.0267531771309122,0.010000000000000033
6.08,0.0626665606344653,0.45870883588999983,0.13209777924469931,0.1896753489953105,0.3164692920308538,0.02675296907395005,0.010000000000000033
6.09,0.06266503004052122,0.4587062467082195,0.1320954548458569,0.18964425014015635,0.31646184197039917,0.026752779498009305,0.010000000000000033
6.1000000000000005,0.06266668995792612,0.45870287645463864,0.1320929005559746,0.18961321496638356,0.3164541592031433,0.0267527312998742,0.010000000000000033
6.11,0.0626658841991339,0.4587002888885426,0.13209066733991018,0.18958291910434474,0.31644612357647794,0.02675256308141826,0.010000000000000033
6.12,0.06266448188882093,0.458697890545979,0.13208855632385116,0.1895527736915838,0.3164382228203092,0.026752355283242234,0.010000000000000033
6.13,0.06266284399840147,0.4586956734977839,0.13208648703052372,0.1895225157532444,0.316430740530365,0.026752140284261962,0.010000000000000033
6.140000000000001,0.06266225133072029,0.45869335820660223,0.13208439646787526,0.18949267774240125,0.31642319624294307,0.026751978254338477,0.010000000000000033
6.15,0.06266132929332854,0.45869112558740255,0.13208242624557612,0.18946327028223914,0.31641532534507255,0.026751794965401143,0.010000000000000033
6.16,0.06265997180504411,0.4586888809195205,0.13208044108960168,0.18943389398780197,0.3164078719229666,0.026751639830201217,0.010000000000000033
6.17,0.06265949541564735,0.4586863403331555,0.13207832140666426,0.1894048579951082,0.3164006520828059,0.026751578887143895,0.010000000000000033
6.18,0.062658537461411,0.45868403623059045,0.13207632961774865,0.1893762972334798,0.3163932333216045,0.02675148285206618,0.010000000000000033
6.19,0.06265824677006113,0.45868126605000037,0.1320741749145319,0.18934780794826972,0.3163859571948552,0.026751572288510748,0.010000000000000033
6.2,0.06265749671504899,0.4586785538772401,0.1320720573169806,0.18931977016136536,0.3163787814445769,0.026751550738639225,0.010000000000000033
6.21,0.06265605493825067,0.4586762569919773,0.1320700616254345,0.18929178248784678,0.3163718252830718,0.02675146018729645,0.010000000000000033
6.22,0.0626554831919429,0.4586736861344627,0.13206796583515085,0.189264131114344,0.31636502672134065,0.02675171309898333,0.010000000000000033
6.23,0.06265437994298344,0.45867128427284953,0.13206597613282967,0.18923689570640476,0.31635815399697076,0.02675166864865492,0.010000000000000033
6.24,0.06265574579627749,0.45866810338989294,0.1320637411424836,0.18920976067342113,0.31635127974289556,0.026752194906758852,0.010000000000000033
6.25,0.06265487511400424,0.45866532602004884,0.1320616739055807,0.1891831975630727,0.3163443301607887,0.02675215224431327,0.010000000000000033
6.26,0.06265337212907916,0.45866270924738634,0.1320596965346392,0.18915680080552877,0.3163374739355335,0.026752032998348673,0.010000000000000033
6.2700000000000005,0.0626518237785573,0.4586601651585691,0.1320577651872289,0.18913065444779067,0.31633087856403247,0.026751974918512663,0.010000000000000033
6.28,0.06265140705981921,0.458657346347278,0.13205574782476515,0.18910462495775354,0.31632413656021807,0.02675230993802441,0.010000000000000033
6.29,0.0626506096380087,0.4586549047643675,0.13205390867712863,0.18907913085506686,0.3163171184772852,0.026752261035018734,0.010000000000000033
6.3,0.06264934970614565,0.4586526599708979,0.13205215947927995,0.18905387368729773,0.3163103040010315,0.026752161167952787,0.010000000000000033
6.3100000000000005,0.0626511259160802,0.45864957737092465,0.13205012931183016,0.1890286382847495,0.3163036515472528,0.026753024935473695,0.010000000000000033
6.32,0.06265033660637594,0.45864707188947307,0.1320483184957401,0.18900398491815423,0.3162967149991559,0.026752951917495268,0.010000000000000033
6.33,0.06264894267517795,0.45864480393457596,0.1320466241429833,0.18897949654137777,0.316289835178546,0.02675274933800441,0.010000000000000033
6.34,0.06264743399275287,0.45864256301078954,0.13204494907809372,0.18895517032203604,0.316283374377638,0.026752651316981214,0.010000000000000033
6.3500000000000005,0.06264969151938495,0.4586395819169948,0.13204302076081614,0.18893096071263177,0.31627672041794946,0.02675348680402031,0.010000000000000033
6.36,0.06264890936593474,0.4586372070179196,0.1320413392553159,0.18890733795052614,0.31626984654791646,0.026753402490630185,0.010000000000000033
6.37,0.06264742275639733,0.45863485269428894,0.1320396963026841,0.18888379878686312,0.3162632487579357,0.026753245113396808,0.010000000000000033
6.38,0.0626457175963042,0.45863249885715135,0.13203803268048092,0.1888604058950872,0.31625712774627673,0.02675319072656671,0.010000000000000033
6.390000000000001,0.06264741713719887,0.45862955305751574,0.13203616800128176,0.18883716130004172,0.3162507094016351,0.026754242391419512,0.010000000000000033
6.4,0.0626465643083383,0.4586271653370909,0.1320345343862632,0.1888144725246222,0.31624407203214744,0.026754152587960097,0.010000000000000033
6.41,0.06264502784579881,0.4586247597668713,0.13203292077200923,0.18879185592540224,0.31623775879385285,0.02675397251126294,0.010000000000000033
6.42,0.06264330300642994,0.45862232804019304,0.13203127827065422,0.18876938819242686,0.31623187755417664,0.02675392780653556,0.010000000000000033
6.43,0.06264414236293583,0.4586194419103069,0.13202948235884926,0.18874706276241485,0.31622575445441237,0.026754924189486436,0.010000000000000033
6.44,0.06264328828386101,0.4586170562993858,0.1320279047790167,0.18872526245851848,0.3162193346767996,0.026754859471700206,0.010000000000000033
6.45,0.06264186320672145,0.4586146691305765,0.13202635494462764,0.1887035616050711,0.31621318631951445,0.026754709630092303,0.010000000000000033
6.46,0.06264025793698266,0.4586122295549833,0.13202475573127825,0.18868199819851839,0.3162074469588418,0.026754763667188257,0.010000000000000033
6.47,0.06264054700974417,0.45860947676771324,0.13202303814827507,0.1886605895125391,0.3162014875221231,0.026755571090296245,0.010000000000000033
6.48,0.06263980541792089,0.45860716013506003,0.1320215265392193,0.1886396767480157,0.3161951852141595,0.02675552109031728,0.010000000000000033
6.49,0.06263856031062955,0.45860488224553225,0.1320200501428099,0.1886188504660998,0.3161891098106826,0.02675540943938035,0.010000000000000033
6.5,0.06263687250284482,0.45860277536118743,0.13201857975489395,0.18859789700986052,0.31618349562086356,0.026755457686093862,0.010000000000000033
6.51,0.06263635919229549,0.45860059190122515,0.1320170694841781,0.1885773196536358,0.31617776078726173,0.026756023134047728,0.010000000000000033
6.5200000000000005,0.06263557112655782,0.45859844424162627,0.13201565029729964,0.1885571314490335,0.316171681816999,0.026756021224391753,0.010000000000000033
6.53,0.06263446887227687,0.4585961399450505,0.1320141884412413,0.1885371459473005,0.31616597064796625,0.026756140287372245,0.010000000000000033
6.54,0.0626367238186683,0.45859315154178965,0.13201246535441954,0.18851724268585845,0.31616035967754363,0.026757422180573646,0.010000000000000033
6.55,0.06263613612219326,0.45859075551671724,0.13201097133865025,0.18849781945094485,0.3161543866278348,0.02675736149248694,0.010000000000000033
6.5600000000000005,0.06263491038443994,0.4585885411637191,0.1320095684849515,0.18847850180486292,0.31614848877178225,0.026757170197935127,0.010000000000000033
6.57,0.06263347939452901,0.4585862768120888,0.13200814952878434,0.18845926018930528,0.3161430563728595,0.026757130560106503,0.010000000000000033
6.58,0.06263621764493242,0.45858339532552006,0.13200649980230889,0.18844014610469206,0.3161374847708084,0.02675855775839777,0.010000000000000033
6.59,0.06263543581868622,0.4585810917410865,0.13200509654790618,0.1884215252251887,0.31613160158468173,0.026758468413464704,0.010000000000000033
6.6000000000000005,0.06263398187564839,0.45857883883114414,0.1320037334223368,0.18840297010689463,0.3161259478282849,0.026758256252436823,0.010000000000000033
6.61,0.06263238858159409,0.458576512513086,0.1320023378412458,0.18838449279648953,0.316120740248355,0.02675833734477961,0.010000000000000033
6.62,0.06263348886725258,0.458573771267036,0.13200077988435835,0.1883661509548964,0.3161153813502197,0.026759315910515634,0.010000000000000033
6.63,0.06263273911344483,0.4585714902400929,0.13199944617506168,0.1883482560246502,0.3161096708718247,0.02675927908856332,0.010000000000000033
6.640000000000001,0.06263140924000017,0.45856922552660945,0.1319981477450665,0.1883304333696395,0.31610418302306187,0.026759162128163535,0.010000000000000033
6.65,0.0626298747842891,0.458566920627054,0.13199679918286353,0.1883126769598625,0.316099147138645,0.02675945802933935,0.010000000000000033
6.66,0.06263226219461175,0.45856412888303144,0.1319952661237662,0.18829509825922733,0.31609387512880016,0.026760422742898367,0.010000000000000033
6.67,0.06263149022923531,0.45856188110431234,0.13199396519667284,0.18827795525683214,0.3160882756791284,0.02676036032042126,0.010000000000000033
6.68,0.0626300618445424,0.45855963950681733,0.13199269801091676,0.1882608685902147,0.31608291072521805,0.026760240094497862,0.010000000000000033
6.69,0.06262851898885463,0.4585573134100436,0.13199138622601775,0.18824385439033953,0.3160779734201818,0.026760599835230166,0.010000000000000033
6.7,0.06262861050790916,0.45855471810044657,0.13198995872354244,0.18822696360338437,0.3160728972086523,0.0267612261961104,0.010000000000000033
6.71,0.06262795646880995,0.4585525336547001,0.13198871118516778,0.18821046918971396,0.31606746630785326,0.026761197266784064,0.010000000000000033
6.72,0.06262677867147103,0.4585504183217076,0.13198751293992192,0.18819408057596657,0.3160622858097834,0.026761139175356333,0.010000000000000033
6.73,0.0626261052825495,0.4585480095253376,0.13198616988983167,0.18817764001388235,0.3160574621337938,0.026762139676423696,0.010000000000000033
6.74,0.06262531881490803,0.4585459787849326,0.13198495987672895,0.18816151220751248,0.316052491475399,0.02676212690410259,0.010000000000000033
6.75,0.06262936802133431,0.4585434704313475,0.13198360990350297,0.188145609781085,0.3160471603960603,0.026762371978994705,0.010000000000000033
6.76,0.06262854722734072,0.45854112041692474,0.13198234676567255,0.18813001383570532,0.31604194615100395,0.026762396689832033,0.010000000000000033
6.7700000000000005,0.06262693969744779,0.45853870157643745,0.1319810761085942,0.18811443211522302,0.31603710036724303,0.02676305601911816,0.010000000000000033
6.78,0.06262536357850237,0.4585363128738975,0.1319798208474002,0.18809891398135187,0.31603241413923694,0.02676309803255711,0.010000000000000033
6.79,0.06262352052704846,0.4585346141442541,0.1319787623755902,0.18808325179749116,0.31602774984158083,0.02676301866089011,0.010000000000000033
6.8,0.06262302607705522,0.4585326879236191,0.13197762956056788,0.1880679812221784,0.3160229521662631,0.026763639271224153,0.010000000000000033
6.8100000000000005,0.0626222602100034,0.45853046887029725,0.13197645191536178,0.18805301581344952,0.3160180941180409,0.02676371003819815,0.010000000000000033
6.82,0.06262120249296112,0.4585279256184602,0.13197517814022866,0.1880381728694125,0.31601351140886946,0.02676440375534429,0.010000000000000033
6.83,0.06261995841487313,0.45852568970177915,0.1319739647369136,0.18802336566334343,0.31600901512956847,0.026764418919859017,0.010000000000000033
6.84,0.06261954130984865,0.45852370828058076,0.13197280716428414,0.18800874638344664,0.31600437346600907,0.026764548924611723,0.010000000000000033
6.8500000000000005,0.06261942132400289,0.4585217898782387,0.1319716749979481,0.18799440701784376,0.31599959784592385,0.026764904097120408,0.010000000000000033
6.86,0.06262368728589039,0.4585191627784557,0.1319703178836225,0.1879802238395133,0.3159948337014508,0.02676601213896784,0.010000000000000033
6.87,0.06262297870529922,0.45851669948881596,0.1319690496624073,0.18796630257553584,0.3159901341421771,0.026765993974526,0.010000000000000033
6.88,0.0626215066227614,0.4585143393644576,0.13196785806177663,0.18795243634224762,0.3159855631027119,0.026765915417791275,0.010000000000000033
6.890000000000001,0.0626200860985631,0.4585120328640277,0.1319667047298198,0.18793862645987233,0.31598113565174374,0.02676637093545793,0.010000000000000033
6.9,0.06261834926171835,0.4585103025150417,0.13196569825324653,0.18792465519736395,0.3159768238525098,0.026766343839290104,0.010000000000000033
6.91,0.06261811340825264,0.4585083859788984,0.13196462095465544,0.18791103718383845,0.31597240048710495,0.026766901575909687,0.010000000000000033
6.92,0.06261745615449951,0.4585062442504561,0.13196354330839674,0.1878977143025345,0.3159678345699431,0.0267669706261731,0.010000000000000033
6.93,0.06261648132934627,0.4585037827387954,0.131962370780222,0.18788450435013296,0.31596355156170364,0.02676774679872693,0.010000000000000033
6.94,0.06261528890469582,0.4585016190811288,0.13196124369033507,0.18787130099878815,0.3159593967534632,0.026767760662306038,0.010000000000000033
6.95,0.06261534019921734,0.45849959905562393,0.13196014031906758,0.18785833533620994,0.3159550723919405,0.026767956395634195,0.010000000000000033
6.96,0.06261604893920394,0.4584975131606409,0.1319590440500358,0.18784553567417686,0.31595050748102554,0.026768354875833747,0.010000000000000033
6.97,0.06261567814912342,0.45849540144461554,0.13195794435295571,0.1878329383626013,0.31594610905801074,0.026768624930168013,0.010000000000000033
6.98,0.06261554676420536,0.45849293954833725,0.13195670475922763,0.18782034587559437,0.3159419419636329,0.026769442688763218,0.010000000000000033
6.99,0.06261502418789454,0.4584906890355578,0.13195557531625743,0.18780798992316136,0.31593767225037356,0.026769449937209058,0.010000000000000033
7.0,0.06261357711845267,0.45848908931270477,0.13195464143105975,0.18779542864369775,0.31593351229130495,0.026769341484642793,0.010000000000000033
7.01,0.06261407325777783,0.4584870965386001,0.13195358157715367,0.18778314235885094,0.3159294548820347,0.0267703099192795,0.010000000000000033
7.0200000000000005,0.06261343606314697,0.45848489064555836,0.1319525096642877,0.18777113708626814,0.3159252644403586,0.026770345658924836,0.010000000000000033
7.03,0.06261248316378494,0.4584824736512074,0.13195138615520807,0.1877592603953621,0.3159212250998764,0.026770630503269294,0.010000000000000033
7.04,0.06261148646952967,0.45848018606337365,0.13195029246920675,0.18774750501843254,0.31591727931105423,0.026770902243336243,0.010000000000000033
7.05,0.06261196742262155,0.4584779194972161,0.13194919345390663,0.1877358328303452,0.3159131970591775,0.02677139331647416,0.010000000000000033
7.0600000000000005,0.06261168514543995,0.4584759106060544,0.13194819950660966,0.1877243973021854,0.315908966903384,0.026771413394273677,0.010000000000000033
7.07,0.06261143215898772,0.45847382176114204,0.13194716562331726,0.18771295736281302,0.3159048738747418,0.026772004271255336,0.010000000000000033
7.08,0.06261090889936988,0.45847184265077273,0.13194615237757495,0.18770158970563036,0.31590092931212793,0.026772058498415248,0.010000000000000033
7.09,0.06261049546431274,0.4584700138324464,0.13194517296792607,0.1876902964424398,0.3158970137936884,0.026772369960872417,0.010000000000000033
7.1000000000000005,0.06261410610858917,0.45846787370891207,0.13194409963351933,0.1876792258562859,0.3158929866837222,0.02677320428031837,0.010000000000000033
7.11,0.06261361262824909,0.4584658284069845,0.1319430939891935,0.18766839989897696,0.3158888966570504,0.02677317886789628,0.010000000000000033
7.12,0.0626132696906778,0.45846337663768894,0.13194195977174858,0.18765759273991087,0.3158850023267537,0.026773992370112385,0.010000000000000033
7.13,0.06261234471623268,0.45846101950577517,0.1319408890369501,0.18764697656132676,0.3158811309177501,0.026773991116335237,0.010000000000000033
7.140000000000001,0.06261079250309144,0.45845909522114625,0.13193997450655404,0.18763630534388095,0.315877335282914,0.026773929454368427,0.010000000000000033
7.15,0.0626103001374096,0.4584569991071753,0.13193898510571023,0.18762579154114195,0.3158736422825075,0.026774900349468837,0.010000000000000033
7.16,0.06260996082739856,0.45845494506438467,0.13193803470489232,0.1876153745715689,0.31586980848589635,0.026774869240552824,0.010000000000000033
7.17,0.06260916957070883,0.458453124779661,0.1319371477316945,0.18760502419312705,0.3158659840015159,0.02677481317602585,0.010000000000000033
7.18,0.06260911654937563,0.45845103257192843,0.13193616879667303,0.18759483460569198,0.3158622656063245,0.026775844744924067,0.010000000000000033
7.19,0.06260777908685737,0.45844929537433493,0.13193532302589395,0.18758458538864906,0.3158586190751609,0.026775690991111108,0.010000000000000033
7.2,0.0626082263658408,0.45844727993847106,0.1319343555333221,0.18757455060628386,0.3158550437411813,0.02677620204084503,0.010000000000000033
7.21,0.06260754095732511,0.45844509724514687,0.13193339563755951,0.18756476401298505,0.3158513302914308,0.02677627160585997,0.010000000000000033
7.22,0.0626065943777515,0.45844272636810574,0.13193239325359496,0.18755508634157025,0.315847754209712,0.026776979846196765,0.010000000000000033
7.23,0.0626055679577821,0.45844047886763556,0.13193141998649638,0.18754549134589127,0.3158442955849613,0.02677701565629292,0.010000000000000033
7.24,0.06260821679046429,0.45843811762810666,0.1319303827275235,0.1875359983203834,0.3158406740749353,0.026777734032181772,0.010000000000000033
7.25,0.06260783881244975,0.45843604212939953,0.13192948226350495,0.1875267399021098,0.3158368260180376,0.026777703171605743,0.010000000000000033
7.26,0.06260664529744514,0.4584341076521179,0.1319286351871343,0.18751747295530258,0.3158332030963987,0.02677775126303032,0.010000000000000033
7.2700000000000005,0.0626102405196391,0.45843142288168254,0.13192751652070142,0.1875082762844754,0.3158297904661755,0.026779379830009758,0.010000000000000033
7.28,0.06260945369798342,0.45842921847088336,0.13192658236763316,0.18749933042882783,0.3158260813662711,0.026779199643867862,0.010000000000000033
7.29,0.06260813765402574,0.45842721730239555,0.13192576097793296,0.18749042124517457,0.3158223780280123,0.02677896979481866,0.010000000000000033
7.3,0.06260695496967379,0.458425030928733,0.131924885715659,0.18748151143675143,0.31581895063160503,0.026779657263541985,0.010000000000000033
7.3100000000000005,0.06260585294867059,0.4584227833045303,0.13192400931433743,0.18747269226881083,0.31581560645675455,0.02677971518147315,0.010000000000000033
7.32,0.06260491450247285,0.45842066192002684,0.13192319538868805,0.18746398666671651,0.3158121457520568,0.026779779458864048,0.010000000000000033
7.33,0.06260410627006817,0.4584185626462636,0.13192239058523056,0.18745538719202137,0.31580866278176245,0.026780260297309077,0.010000000000000033
7.34,0.0626033677566583,0.45841639680587504,0.13192155334286118,0.18744687187743886,0.31580526990140395,0.026780390171809314,0.010000000000000033
7.3500000000000005,0.06260265758006518,0.45841424913041945,0.13192070504422065,0.1874384307750018,0.31580191941441804,0.026780875038251818,0.010000000000000033
7.36,0.0626019294704538,0.45841229606822237,0.13191990986840876,0.18743005623292253,0.31579858579658726,0.026780910562056746,0.010000000000000033
7.37,0.06260496400011868,0.45841012156253874,0.13191899175650362,0.1874217730590648,0.31579522247313435,0.026781814204953167,0.010000000000000033
7.38,0.06260477957695253,0.45840813812444564,0.13191817287730778,0.18741369775840128,0.3157916925206662,0.026781773025373788,0.010000000000000033
7.390000000000001,0.06260356756562385,0.4584064392310793,0.13191744266354158,0.18740551070922976,0.3157883499746255,0.026781699194749944,0.010000000000000033
7.4,0.0626039457167814,0.45840439898315904,0.1319165689659143,0.1873974227234299,0.3157852104247391,0.02678280059699528,0.010000000000000033
7.41,0.06260260652381927,0.458402969782582,0.13191589087459601,0.18738922757092405,0.31578196661177604,0.02678253924906126,0.010000000000000033
7.42,0.06260355246836634,0.45840120703261056,0.13191510449424967,0.18738129846119694,0.31577873200622353,0.02678282329305927,0.010000000000000033
7.43,0.06260296039559966,0.45839909184313765,0.13191426157910352,0.18737359204356357,0.31577547668713263,0.026783222053288657,0.010000000000000033
7.44,0.06260202207646091,0.4583967534723972,0.13191334167681082,0.1873659688605897,0.3157724111546782,0.026783684498057847,0.010000000000000033
7.45,0.06260104288448504,0.4583945888545132,0.13191248448589082,0.1873584105005035,0.31576939201064497,0.026783725877982733,0.010000000000000033
7.46,0.06260244187933699,0.4583924536473024,0.1319116081680627,0.18735092813851761,0.31576621424936735,0.026784392180866895,0.010000000000000033
7.47,0.06260223045212929,0.4583905403930503,0.13191082701296805,0.18734359680732365,0.3157628945294016,0.026784381460321766,0.010000000000000033
7.48,0.06260075361164026,0.4583891806428238,0.1319101886146311,0.18733595449401094,0.3157598610818237,0.026784304555224892,0.010000000000000033
7.49,0.06260156551887151,0.45838730678674366,0.13190937672071362,0.18732857543056858,0.3157569146930583,0.026785589747826324,0.010000000000000033
7.5,0.06260100445909478,0.45838524985990853,0.13190854724551615,0.18732144064466627,0.31575379603447645,0.026785555731971035,0.010000000000000033
7.51,0.06260015558966643,0.45838303659197627,0.13190769763619786,0.18731438621063354,0.3157507879796834,0.026785590437558206,0.010000000000000033
7.5200000000000005,0.06259923205752053,0.4583809493418545,0.1319068823197553,0.18730736594276387,0.3157478947016594,0.02678606529173057,0.010000000000000033
7.53,0.06260356001913359,0.45837860111964385,0.13190594154859833,0.18730049957172362,0.31574483111111656,0.02678673730877958,0.010000000000000033
7.54,0.06260315051708246,0.4583765895643492,0.13190516370817112,0.18729382773662434,0.3157415254847567,0.026786688835320878,0.010000000000000033
7.55,0.06260196335171284,0.4583746281201028,0.13190442619991538,0.18728712080840187,0.31573841265579683,0.02678686435485012,0.010000000000000033
7.5600000000000005,0.06260051450185525,0.45837277592777353,0.13190369861799328,0.18728022907984185,0.3157357077150097,0.026787161814371022,0.010000000000000033
7.57,0.06260087550970891,0.45837078546346266,0.13190290254181314,0.18727349263851625,0.3157328992654884,0.026787740328262696,0.010000000000000033
7.58,0.06259989294524486,0.45836925430086156,0.13190228342536864,0.18726684658012416,0.3157297887827642,0.026787615988794082,0.010000000000000033
7.59,0.0626008202257254,0.4583673565008322,0.13190154213660463,0.18726031185883635,0.3157268679220331,0.026788330746093207,0.010000000000000033
7.6000000000000005,0.06259961597456123,0.4583656399595368,0.13190084790911918,0.18725372104486238,0.3157240545708674,0.02678826272635264,0.010000000000000033
7.61,0.06260038693946383,0.4583637247790352,0.13190005114683603,0.18724728216665404,0.31572129954371425,0.026788958859763803,0.010000000000000033
7.62,0.06259969951450056,0.458361750031704,0.13189930308998152,0.1872410432850546,0.3157183497201142,0.026788974491404625,0.010000000000000033
7.63,0.06259848784998404,0.45835981695299566,0.1318985778332438,0.18723476718742832,0.315715611119152,0.026789179329400992,0.010000000000000033
7.640000000000001,0.06259814504955084,0.45835789578180053,0.13189779645595148,0.18722853195042902,0.3157129655425956,0.026789746516371647,0.010000000000000033
7.65,0.06259807904905697,0.45835614879860653,0.13189707360512012,0.18722248490636803,0.31571006710379074,0.0267897680485889,0.010000000000000033
7.66,0.06260293273771808,0.45835391951609755,0.13189622149046895,0.18721662608039408,0.3157070573550035,0.026790840509116804,0.010000000000000033
7.67,0.06260232925222303,0.4583517589017178,0.13189541429722826,0.18721087402513112,0.3157040980710077,0.026790806567161263,0.010000000000000033
7.68,0.06260095622615926,0.45834963244362353,0.131894640728533,0.18720508140052675,0.3157013264718024,0.026790867664145797,0.010000000000000033
7.69,0.06259970993071498,0.458347521795954,0.13189390687319125,0.18719927586886528,0.31569867278515035,0.026791360461205126,0.010000000000000033
7.7,0.06259832929311468,0.45834573448291016,0.13189326917107352,0.1871934220294058,0.3156960557723458,0.02679133444326657,0.010000000000000033
7.71,0.06259799921345084,0.4583439526965189,0.13189259899031253,0.18718765946890603,0.3156933696389972,0.02679180609908275,0.010000000000000033
7.72,0.06259736325537779,0.458342457745817,0.13189203996171467,0.18718194161392554,0.3156905641045368,0.026791755322078756,0.010000000000000033
7.73,0.06259892357641503,0.4583406179818866,0.1318913440883501,0.18717636194241286,0.31568786089548495,0.026792630257180053,0.010000000000000033
7.74,0.06259810528416034,0.45833869608497324,0.13189063855600575,0.1871708828333544,0.3156852067482728,0.02679263414957249,0.010000000000000033
7.75,0.06259853591316326,0.4583364840172977,0.1318897960341826,0.18716546291004307,0.31568266347255125,0.026793337403458555,0.010000000000000033
7.76,0.06259804252067262,0.4583345160422272,0.13188907556498697,0.1871601731158828,0.3156799139095133,0.02679330827074747,0.010000000000000033
7.7700000000000005,0.0625966128687288,0.45833313213146903,0.13188854286356688,0.18715467339490688,0.31567727805928486,0.026793191685132445,0.010000000000000033
7.78,0.06259766835276588,0.4583313483471433,0.13188784897268635,0.18714933482182827,0.31567477048188886,0.026794311368671813,0.010000000000000033
7.79,0.06259707550493768,0.45832936286986636,0.13188713651804973,0.18714419550404104,0.3156721386299355,0.02679429518548441,0.010000000000000033
7.8,0.06259620176439484,0.4583271967088055,0.13188640479093422,0.18713914491913053,0.3156695981927174,0.026794429042092754,0.010000000000000033
7.8100000000000005,0.06259541393785892,0.45832502374512685,0.1318856689106276,0.1871341329631339,0.31566711061916036,0.0267949480786438,0.010000000000000033
7.82,0.06259463887849201,0.4583230455118969,0.13188499392460623,0.18712915872317995,0.31566455349931677,0.026794973273953915,0.010000000000000033
7.83,0.06259351880091263,0.4583216631735237,0.1318844754653065,0.1871239551047554,0.31566209055158406,0.026794919379450662,0.010000000000000033
7.84,0.06259618857012154,0.4583200148003272,0.13188384604743233,0.1871189549460735,0.3156595760971055,0.026795911739590967,0.010000000000000033
7.8500000000000005,0.06259584709523357,0.4583181386211965,0.1318831863081393,0.18711416549972384,0.31565691976341154,0.02679591314785574,0.010000000000000033
7.86,0.06259495891402216,0.45831604271612664,0.13188245809622376,0.18710942513627585,0.3156544827815267,0.026796270963562862,0.010000000000000033
7.87,0.06259380840835164,0.4583143049298331,0.13188181385910586,0.18710455579216417,0.3156521794233836,0.026796266696292485,0.010000000000000033
7.88,0.06259622712282423,0.45831255172453444,0.13188115357003302,0.1870998321933857,0.315649732803314,0.026797003727964484,0.010000000000000033
7.890000000000001,0.0625957690279126,0.458310812369271,0.13188054894148568,0.1870952789665064,0.3156470660755184,0.02679698829620811,0.010000000000000033
7.9,0.06259452558005066,0.45830909769206,0.13187992430009232,0.18709059522678914,0.3156447590342786,0.026797204962514743,0.010000000000000033
7.91,0.0625959249454887,0.4583071624343813,0.13187918147836628,0.18708601497669292,0.3156425291319124,0.02679801547410233,0.010000000000000033
7.92,0.06259526792968836,0.45830542120673157,0.13187856523317099,0.18708160712480057,0.3156399578222935,0.026797934894141354,0.010000000000000033
7.930000000000001,0.06259470927383794,0.45830367132143107,0.1318779473775044,0.18707715360491428,0.3156375519255564,0.026798157059108315,0.010000000000000033
7.94,0.0625946128018726,0.4583018940189811,0.1318772812260875,0.18707274629457646,0.31563522652401926,0.026798670454890202,0.010000000000000033
7.95,0.06259452800027512,0.4583002239979512,0.13187665857471145,0.18706845824614407,0.31563275984232214,0.026798686728879563,0.010000000000000033
7.96,0.06259926573953048,0.45829804303571386,0.13187587285364163,0.1870643542938599,0.3156302297650578,0.02679979552936301,0.010000000000000033
7.97,0.06259863777821705,0.45829597076196,0.13187515474259426,0.18706034344888245,0.31562768010323494,0.026799742081087197,0.010000000000000033
7.98,0.06259730589187432,0.4582939281838273,0.1318744963140458,0.1870562928588082,0.31562527713529936,0.026799670762324538,0.010000000000000033
7.99,0.06259615454678609,0.45829185320306604,0.13187384967867183,0.18705222954013723,0.31562302236744094,0.026800412373965563,0.010000000000000033
8.0,0.06259514024047996,0.45828983489988484,0.13187323139782922,0.1870482096911119,0.315620742267467,0.026800427754564315,0.010000000000000033
8.01,0.06259428084214358,0.4582878859998059,0.1318726562033086,0.187044254911547,0.31561840020637283,0.026800471040624396,0.010000000000000033
8.02,0.06259354269992266,0.4582859514362955,0.13187208551827956,0.1870403418137587,0.31561607368625966,0.026801050399006713,0.010000000000000033
8.03,0.0625928713909729,0.45828399631805106,0.13187149096352485,0.18703647200377588,0.315613784020085,0.0268011001157097,0.010000000000000033
8.040000000000001,0.06259225356295814,0.45828207421062317,0.131870890136223,0.18703262813998012,0.3156114967863716,0.02680142036895259,0.010000000000000033
8.05,0.06259161760839116,0.45828032835962373,0.13187033986145844,0.18702878878135165,0.31560923774846733,0.02680148776635193,0.010000000000000033
8.06,0.06259519740710535,0.45827833841542237,0.13186966731807315,0.18702504354063443,0.31560695345224954,0.026802468520720713,0.010000000000000033
8.07,0.0625950452474648,0.45827656852951393,0.1318690828266477,0.1870214187435317,0.3156044750678552,0.026802400155096575,0.010000000000000033
8.08,0.0625938570925087,0.4582750963986575,0.13186860086405136,0.18701765250601182,0.3156021668093033,0.026802280280549668,0.010000000000000033
8.09,0.06259477866240755,0.4582732850062031,0.1318679762132378,0.18701395022068462,0.3156000629804259,0.026803393735106255,0.010000000000000033
8.1,0.06259351511888253,0.4582719743333893,0.13186752430738566,0.18701015731276108,0.3155978492215047,0.02680313514628914,0.010000000000000033
8.11,0.06259484068071738,0.45827039406310643,0.13186696905334522,0.1870065366107466,0.31559562957377113,0.026803375373433184,0.010000000000000033
8.120000000000001,0.06259427442802114,0.4582685197457567,0.1318663661279606,0.1870030925264222,0.31559337233421536,0.026803686266512177,0.010000000000000033
8.13,0.062593365197546,0.45826638558930427,0.13186569993102795,0.1869996889989126,0.3155912818622628,0.026804137550108298,0.010000000000000033
8.14,0.06259254199613226,0.45826430383248,0.1318650610434261,0.18699632212520606,0.3155892135243186,0.02680418864662857,0.010000000000000033
8.15,0.06259168399361961,0.45826257491024025,0.13186452285125844,0.18699295131895224,0.3155870511578175,0.026804298179618814,0.010000000000000033
8.16,0.06259777334080531,0.4582603944471944,0.1318637986013524,0.18698974307959662,0.31558480045301746,0.026805634018655707,0.010000000000000033
8.17,0.0625973069442713,0.45825851549599844,0.13186320316155387,0.18698665338119577,0.3155823769994479,0.026805488197291335,0.010000000000000033
8.18,0.06259602019015878,0.4582567087368481,0.13186265204100678,0.1869835057521991,0.3155801070714249,0.026805332693546086,0.010000000000000033
8.19,0.06259485775592258,0.4582547472159736,0.13186207991278726,0.18698029827315715,0.31557808771278334,0.026806016106924128,0.010000000000000033
8.2,0.062593632028688,0.45825295462572657,0.13186156047874056,0.1869770772161683,0.31557611731949836,0.02680600974074794,0.010000000000000033
8.21,0.06259691055599191,0.4582509294721108,0.1318609318248494,0.1869740204765582,0.3155739550283632,0.02680658655197303,0.010000000000000033
8.22,0.06259638794032875,0.4582491682253747,0.1318604092781375,0.18697108402936613,0.3155715589491752,0.026806560243953104,0.010000000000000033
8.23,0.06259516660161375,0.4582474183067613,0.1318599189049618,0.18696808270538653,0.3155693507684251,0.02680669042268952,0.010000000000000033
8.24,0.06259358281650888,0.45824591259775826,0.13185945138984406,0.18696482121471103,0.31556754758765204,0.026806812398352576,0.010000000000000033
8.25,0.062594176953063,0.45824426693567777,0.1318589105310467,0.18696171245141213,0.31556564079395605,0.02680755839065684,0.010000000000000033
8.26,0.06259360706990204,0.4582426190937289,0.13185843215488707,0.1869588240163647,0.3155633906624776,0.02680752954366614,0.010000000000000033
8.27,0.06259272285597582,0.45824071645195935,0.13185788943765495,0.18695595330286713,0.3155613694976583,0.02680794403272888,0.010000000000000033
8.28,0.0625915697831022,0.4582390185013611,0.13185735657443934,0.18695293576752314,0.31555958840147186,0.02680796272574169,0.010000000000000033
8.290000000000001,0.06259349461926945,0.4582373296333261,0.13185680029882094,0.18695005278213675,0.31555760905954117,0.02680852729033977,0.010000000000000033
8.3,0.06259279792427228,0.4582359482986317,0.13185637169342942,0.18694724288881914,0.3155553920277297,0.026808459981276705,0.010000000000000033
8.31,0.06259231572148057,0.4582344721313181,0.13185588220494399,0.18694434990939962,0.3155534709208686,0.026808875790158528,0.010000000000000033
8.32,0.06259772317385792,0.45823248087588214,0.13185518457452947,0.18694166529606776,0.31555150928880943,0.026809714423764164,0.010000000000000033
8.33,0.06259721696745425,0.45823072692765066,0.1318546255951997,0.1869391424275135,0.31554921621919735,0.026809636225089792,0.010000000000000033
8.34,0.06259540490251635,0.458229283465016,0.13185417118604878,0.18693639801390904,0.3155472385630342,0.026809540109986756,0.010000000000000033
8.35,0.06259492071963198,0.45822741806787337,0.13185354892440498,0.18693370373939072,0.3155455019269084,0.02681072046296549,0.010000000000000033
8.36,0.06259395612041364,0.4582256301404936,0.13185301321713658,0.18693114555230259,0.31554351962206495,0.026810633585235926,0.010000000000000033
8.370000000000001,0.06259257601144036,0.458224113962091,0.13185256762461484,0.1869284804941587,0.31554165516886207,0.026810467414877737,0.010000000000000033
8.38,0.06259352040269567,0.45822234680273266,0.13185200670609262,0.18692589652233813,0.31553983058874174,0.026811353866326854,0.010000000000000033
8.39,0.06259275287123478,0.4582207148653262,0.13185153465783814,0.18692343456162544,0.3155378011063207,0.026811303796100736,0.010000000000000033
8.4,0.06259248143218665,0.4582188918589951,0.13185097198370357,0.1869209821041145,0.3155359101267736,0.026811626184466437,0.010000000000000033
8.41,0.06259204294244534,0.4582172316787097,0.13185044330707918,0.18691857317654834,0.3155340053998982,0.02681167558617161,0.010000000000000033
8.42,0.06259693062757243,0.4582151293155923,0.13184977575314222,0.18691635763659942,0.3155319521442941,0.026812800494288237,0.010000000000000033
8.43,0.06259629706595121,0.45821324066714914,0.13184921705190547,0.1869142011605368,0.31552981109506784,0.02681271343101547,0.010000000000000033
8.44,0.06259496581919279,0.45821138275812734,0.13184868928771526,0.18691196525281292,0.3155278637851713,0.026812631236723866,0.010000000000000033
8.45,0.06259381202143956,0.45820943030008693,0.1318481459913949,0.18690969437429292,0.31552609175334845,0.026813275369044834,0.010000000000000033
8.46,0.06259279709384313,0.45820756053240436,0.13184764353455153,0.1869074581734766,0.3155242751077501,0.026813290651100743,0.010000000000000033
8.47,0.06259194669341323,0.4582057655724495,0.13184717723635117,0.18690526431660817,0.31552236782853427,0.026813329591557467,0.010000000000000033
8.48,0.06259122732632226,0.45820397740570445,0.1318466980155363,0.18690311444066005,0.3155204844861831,0.0268138207321054,0.010000000000000033
8.49,0.06259058430570769,0.4582021427868804,0.1318461939266055,0.18690097781939816,0.31551863000614155,0.026813890279473288,0.010000000000000033
8.5,0.06259001370805015,0.45820033000629384,0.13184570092409473,0.1868988727562177,0.3155167804956889,0.026814289196562122,0.010000000000000033
8.51,0.062589516666567,0.4581985549363024,0.13184521426874346,0.18689680505485756,0.3155149147393939,0.02681434802082218,0.010000000000000033
8.52,0.06258907722164841,0.458196804389477,0.13184472590228488,0.18689475128496372,0.31551305553687725,0.02681479604711734,0.010000000000000033
8.53,0.06258865765625318,0.4581951065596545,0.13184423812832585,0.1868926986893949,0.31551122990741,0.026814853743621726,0.010000000000000033
8.540000000000001,0.06258797940914429,0.458193806822287,0.13184383887385637,0.18689048980560385,0.31550950620892326,0.026814878040363584,0.010000000000000033
8.55,0.06259195836064074,0.45819233638525203,0.13184335847688022,0.1868883911384011,0.31550770403664946,0.026815814421056926,0.010000000000000033
8.56,0.06259171722160356,0.45819079130982604,0.13184290622771694,0.18688645285822186,0.3155057319483844,0.02681578037438994,0.010000000000000033
8.57,0.06259059441425682,0.45818926448914443,0.13184244516028035,0.1868844003847584,0.31550404061498016,0.026815731869519695,0.010000000000000033
8.58,0.06259191693173441,0.45818753437521925,0.1318418944135131,0.1868824208203422,0.31550241423353964,0.026816836883739675,0.010000000000000033
8.59,0.06259082393474112,0.4581863823759562,0.13184155195874114,0.1868803869403531,0.31550056316956043,0.026816559028977734,0.010000000000000033
8.6,0.0625926872376253,0.458184923093079,0.1318410882815305,0.18687846437355418,0.31549875008760925,0.02681686235233989,0.010000000000000033
8.61,0.06259216139676352,0.4581831341045801,0.1318405574872602,0.18687667614471884,0.31549694947013857,0.026817123381881414,0.010000000000000033
8.620000000000001,0.06259119763546472,0.4581811652756785,0.13183998710546838,0.18687491308728632,0.3154953018880675,0.02681756663288001,0.010000000000000033
8.63,0.0625901349928815,0.45817950121747303,0.13183950214155052,0.1868730779212112,0.31549368678945255,0.026817555488468776,0.010000000000000033
8.64,0.06258984581557679,0.4581780976237005,0.13183906738074735,0.18687123360577187,0.3154919841401506,0.026817793815906366,0.010000000000000033
8.65,0.0625908360944839,0.45817688258187683,0.13183867187918738,0.18686942136232537,0.3154901729552447,0.02681796019629304,0.010000000000000033
8.66,0.06259638066725555,0.45817514275008436,0.13183811376817048,0.18686778644332197,0.31548830959603863,0.026819051700588542,0.010000000000000033
8.67,0.06259582858765897,0.4581734112883314,0.131837582427275,0.18686622629883037,0.31548641956418855,0.026818989572442997,0.010000000000000033
8.68,0.06259371416649014,0.45817216453107007,0.1318372012794109,0.1868643336054606,0.31548489716660433,0.02681882951501946,0.010000000000000033
8.69,0.06259311915484077,0.4581705307467245,0.131836693305117,0.186862597807565,0.3154833880157978,0.026819830306093632,0.010000000000000033
8.700000000000001,0.06259228851366778,0.45816877595830985,0.13183620669278623,0.1868610497348348,0.3154816631028394,0.02681979188378123,0.010000000000000033
8.71,0.06259136538712559,0.45816683487346244,0.13183567983570169,0.18685953766860827,0.31548003132747315,0.02682000442433079,0.010000000000000033
8.72,0.06259052909650742,0.45816485252865147,0.13183514090935317,0.1868580524426909,0.31547845060938445,0.02682034336566623,0.010000000000000033
8.73,0.06258982556994105,0.45816302143381005,0.13183465387396487,0.18685660610152896,0.3154767470893777,0.02682037358712475,0.010000000000000033
8.74,0.06258925234568116,0.4581612635264108,0.13183418625951931,0.18685517486337,0.3154750078328187,0.02682076671113485,0.010000000000000033
8.75,0.06258873731319253,0.45815947790142875,0.13183369925066174,0.1868537452836586,0.31547332437026177,0.026820873429183698,0.010000000000000033
8.76,0.06258823969371123,0.45815773288523554,0.13183323311274742,0.1868523155705364,0.31547167798699455,0.026821260034375623,0.010000000000000033
8.77,0.06258764221014032,0.4581562580282511,0.1318328323284908,0.1868508157193009,0.31547007614611977,0.026821273941390507,0.010000000000000033
8.78,0.06259557979609756,0.4581542325778007,0.13183219195338897,0.18684955475898543,0.31546831665722835,0.02682259823310197,0.010000000000000033
8.790000000000001,0.06259523243035398,0.458152564552384,0.13183172243149363,0.18684835914206233,0.31546634644326454,0.026822433681441653,0.010000000000000033
8.8,0.06259390880044934,0.4581509414725955,0.13183130594383916,0.18684708510359233,0.3154645526040893,0.026822276694831854,0.010000000000000033
8.81,0.06259265868206293,0.4581492072699278,0.13183085493197486,0.18684570948781354,0.3154630624821551,0.026822877211846778,0.010000000000000033
8.82,0.06259099992197505,0.4581480646719376,0.13183056328938852,0.18684408087047666,0.31546164130421916,0.026822726595563295,0.010000000000000033
8.83,0.06259204130812789,0.4581467436566308,0.13183020885134067,0.18684267539123542,0.31545999653501994,0.026823055722464486,0.010000000000000033
8.84,0.06259154569730303,0.45814519412710963,0.1318298252765744,0.1868414443617395,0.31545819219502047,0.0268231532812928,0.010000000000000033
8.85,0.06259068250748882,0.45814331931121627,0.13182932524474397,0.18684022086869284,0.31545667773324676,0.02682398088117931,0.010000000000000033
8.86,0.0625896861624167,0.4581416159763648,0.13182885568809571,0.18683892872723293,0.31545526932648454,0.026823956123415836,0.010000000000000033
8.870000000000001,0.06259613836378114,0.45813959244549635,0.13182824860608308,0.18683789204006973,0.3154535510530662,0.0268246787958829,0.010000000000000033
8.88,0.06259566628194753,0.4581379718865625,0.13182781876202493,0.18683691036258232,0.31545157338523844,0.02682459092359655,0.010000000000000033
8.89,0.06259433923514929,0.4581363118812598,0.13182739811826694,0.186835830132929,0.31544985832157396,0.026824631785069452,0.010000000000000033
8.9,0.06259310244503645,0.4581344802290315,0.13182692730041226,0.18683466546916577,0.31544843947726,0.026825199691699317,0.010000000000000033
8.91,0.06259171392990816,0.4581330037056113,0.13182655286884096,0.18683340359213513,0.31544701694079674,0.02682513795018704,0.010000000000000033
8.92,0.0625915608272842,0.4581316220837507,0.1318261848195572,0.18683222599094468,0.31544542758384225,0.026825290727002477,0.010000000000000033
8.93,0.0625954705922003,0.45812986742379425,0.1318257131631598,0.1868312617889296,0.3154436335980967,0.026826109076666545,0.010000000000000033
8.94,0.06259492739958575,0.4581281446298606,0.13182526788628438,0.18683034269745358,0.3154418493639885,0.026826095098902658,0.010000000000000033
8.950000000000001,0.0625935763511565,0.45812642473840476,0.1318248265311552,0.18682930720275492,0.3154403138074948,0.02682608822811853,0.010000000000000033
8.96,0.06259187834192136,0.45812518154650494,0.1318245018909751,0.1868279926497018,0.31543902693516657,0.026826198460589024,0.010000000000000033
8.97,0.06259245289491913,0.458123792397845,0.13182411450615897,0.18682684663149618,0.31543758349677664,0.026826858668784852,0.010000000000000033
8.98,0.06259189112140441,0.45812226334664974,0.1318237318921665,0.18682589530788515,0.31543588824563484,0.026826867744748087,0.010000000000000033
8.99,0.06259106007617829,0.45812044297366944,0.13182326045133538,0.18682496755096947,0.3154344465643287,0.02682732753088475,0.010000000000000033
9.0,0.06255692178797259,0.45877925614765463,0.13224818093411783,0.1866622587460387,0.3155886881488619,0.02673013045393622,0.010000000000000033
9.01,0.06254389601158131,0.4586892464893328,0.13215759045844466,0.1866001679544688,0.31588225210308923,0.026858378358994486,0.010000000000000033
9.02,0.06251287030172759,0.45858562057499297,0.1320862539761835,0.1866166697251053,0.31591968551056515,0.026838174991276966,0.010000000000000033
9.03,0.0625731890950169,0.45857935571659886,0.13207384678800504,0.18669440839404097,0.3158544087201625,0.02681518823078289,0.010000000000000033
9.040000000000001,0.06265696592221305,0.45860313764946753,0.13207371407302596,0.18670441880496247,0.3158083053461063,0.026804796232830986,0.010000000000000033
9.05,0.06265528779701476,0.4585917174933924,0.13206436670189992,0.18669568930455505,0.31582669960759346,0.026804581922667076,0.010000000000000033
9.06,0.06264454134159464,0.4585806289416916,0.13205575306241257,0.1866855321341436,0.31585329622089203,0.02680486894693167,0.010000000000000033
9.07,0.06263679746520595,0.45858862464106265,0.13205470348089807,0.186680511384877,0.3158482767887375,0.026802582248169532,0.010000000000000033
9.08,0.06263251511204498,0.4585968415052229,0.13205831353116884,0.18667804576290778,0.3158371803737819,0.026799550530589293,0.010000000000000033
9.09,0.06262692152949789,0.4585945484106031,0.13205700919199112,0.18667510558986705,0.3158342662782826,0.02679776248351749,0.010000000000000033
9.1,0.06262042981105852,0.45859011081542567,0.13205439737638133,0.1866721635469179,0.31583372468839166,0.02679659832631211,0.010000000000000033
9.11,0.06261555093336747,0.45858849068955954,0.1320528502805391,0.18667003910883104,0.315830388257462,0.026795113211905218,0.010000000000000033
9.120000000000001,0.06261215982603757,0.4585875437308715,0.13205165862988177,0.18666828677199085,0.3158263112614633,0.02679359107133682,0.010000000000000033
9.13,0.06260899679938835,0.4585852841030317,0.13204993320910435,0.18666639338951221,0.31582365862735035,0.026792435147923323,0.010000000000000033
9.14,0.06260603331582061,0.45858276104564955,0.13204802068390695,0.18666448983762754,0.3158213007510709,0.026791444116441847,0.010000000000000033
9.15,0.06260375885457235,0.45858094892469364,0.13204635934351328,0.18666277464096664,0.315818185762586,0.0267903872695672,0.010000000000000033
9.16,0.06260198613923683,0.45857927198960197,0.13204471928762448,0.18666110377724654,0.31581497740063624,0.02678936801881991,0.010000000000000033
9.17,0.0626003236281093,0.4585773334244084,0.13204288939196396,0.1866592576505794,0.31581236790222894,0.026788482027571583,0.010000000000000033
9.18,0.06260004334505634,0.45857479029576553,0.13204075098332288,0.18665747819925377,0.31580995645741966,0.026787766993675813,0.010000000000000033
9.19,0.06259919548107948,0.4585727004557995,0.13203877792128196,0.18665579064728396,0.31580724249348296,0.026787003623585014,0.010000000000000033
9.200000000000001,0.0625979287747503,0.4585706151296176,0.13203679871476132,0.18665393937100036,0.31580487950195146,0.026786271399354633,0.010000000000000033
9.21,0.06259623457908754,0.4585686360044476,0.13203475430906736,0.1866516469340673,0.31580329913443295,0.02678559832102901,0.010000000000000033
9.22,0.06259555785242522,0.45856641312337404,0.13203258384095398,0.18664949128683253,0.3158016884264514,0.026785029034944084,0.010000000000000033
9.23,0.06259458988380467,0.4585641383498971,0.13203044299166494,0.1866475407012337,0.31579979473445335,0.026784461516229194,0.010000000000000033
9.24,0.0625933411885714,0.45856159576640854,0.13202822068916878,0.18664554279094256,0.3157982656784065,0.026783974738939478,0.010000000000000033
9.25,0.06259275099645653,0.45855873757586124,0.13202584025947653,0.1866435220896771,0.3157969629965425,0.026783584808389282,0.010000000000000033
9.26,0.06259199989843113,0.4585563428097191,0.1320236520555844,0.1866416227757156,0.3157952591472776,0.02678313179215149,0.010000000000000033
9.27,0.06259160546255314,0.4585539877137345,0.13202149065582533,0.18663977682167945,0.31579342634135665,0.026782688198937855,0.010000000000000033
9.28,0.0625909537015817,0.4585516826801535,0.1320193636412755,0.18663794174113607,0.31579168827888177,0.026782267408909505,0.010000000000000033
9.290000000000001,0.06259245950423058,0.4585489876300111,0.13201711123616267,0.18663624579492596,0.3157899015859253,0.026781929833177467,0.010000000000000033
9.3,0.06259191713405374,0.4585466464379337,0.13201505124133928,0.18663468673240596,0.3157877618553193,0.026781541136258583,0.010000000000000033
9.31,0.062590813385477,0.45854457724246955,0.13201313330034758,0.18663306651923237,0.3157856592982719,0.026781111678074124,0.010000000000000033
9.32,0.06259038719343107,0.45854234121942833,0.13201115856193454,0.18663140343667625,0.3157837084259611,0.026780737611268007,0.010000000000000033
9.33,0.06258988241421118,0.4585404951736982,0.13200935325016366,0.18662982672279885,0.3157815085173343,0.026780315527277516,0.010000000000000033
9.34,0.06259486821913345,0.4585382715942988,0.13200744555597355,0.18662847747616162,0.3157790564591843,0.02677998459616839,0.010000000000000033
9.35,0.06259453425473428,0.4585362010578442,0.1320056481121601,0.1866271605141066,0.3157765973392937,0.02677962926847396,0.010000000000000033
9.36,0.06259318721721496,0.4585341607375268,0.13200388416375297,0.18662571970447425,0.3157744136637419,0.02677928382706559,0.010000000000000033
9.370000000000001,0.06259172420241782,0.45853244288875705,0.13200221721208857,0.1866240325162441,0.31577251601506,0.026778905718383025,0.010000000000000033
9.38,0.06259147970108653,0.458530607495094,0.13200051214062825,0.18662247278320643,0.3157705000622465,0.02677858298041691,0.010000000000000033
9.39,0.06259079742310537,0.45852875876610477,0.13199887299892457,0.1866210477178712,0.3157682739618302,0.026778260586688227,0.010000000000000033
9.4,0.06258967821294487,0.45852684902120505,0.13199719157473125,0.18661945094074214,0.3157664537416737,0.026777966503177156,0.010000000000000033
9.41,0.06258961969234318,0.4585246650953004,0.13199538393834356,0.18661790642074844,0.31576478123274593,0.026777768934073923,0.010000000000000033
9.42,0.06258882737456176,0.45852288346905307,0.13199375592379206,0.1866164105150007,0.3157627976363818,0.026777508159386447,0.010000000000000033
9.43,0.06258851415141528,0.4585209211999433,0.13199204877300114,0.18661492342594782,0.31576097464162567,0.02677729267897924,0.010000000000000033
9.44,0.06258781344373557,0.45851910595643264,0.13199038336159824,0.18661334904416285,0.31575926328585313,0.02677708050608345,0.010000000000000033
9.450000000000001,0.06258840453796295,0.458517070321947,0.13198864305986907,0.18661188968355844,0.3157575379898623,0.0267769405901079,0.010000000000000033
9.46,0.06258778867671771,0.4585149403777225,0.1319869454606037,0.18661057085318639,0.31575568029642703,0.02677679393520688,0.010000000000000033
9.47,0.06258665900841287,0.45851288527293455,0.13198527703935437,0.18660911921952955,0.31575403915118044,0.026776633493172802,0.010000000000000033
9.48,0.06258695236901425,0.4585107478289693,0.13198355949657298,0.1866077594836492,0.3157523627951854,0.02677653300534178,0.010000000000000033
9.49,0.06258619831604424,0.4585091252928532,0.13198206783658142,0.18660643973586089,0.3157503476134654,0.026776337355340643,0.010000000000000033
9.5,0.06258758955353982,0.45850722409535516,0.13198048248857178,0.18660518894004235,0.3157484102586852,0.026776216901885964,0.010000000000000033
9.51,0.06258700983913702,0.4585053169754557,0.13197894621830905,0.18660395986589925,0.31574649906890245,0.026776085096101482,0.010000000000000033
9.52,0.06259090852495067,0.4585027959442296,0.13197720268144292,0.18660295623153186,0.3157445508363544,0.026776126147841535,0.010000000000000033
9.53,0.0625903879567258,0.45850069247048253,0.13197566974724056,0.186602036044861,0.3157423064081535,0.02677602345537904,0.010000000000000033
9.540000000000001,0.06258916403773525,0.4584987441260901,0.13197423920095758,0.18660104195469462,0.315740154020094,0.026775877004766597,0.010000000000000033
9.55,0.06258792800129187,0.4584967821024315,0.13197280376248308,0.18659990483730002,0.31573832889611914,0.026775761112409025,0.010000000000000033
9.56,0.06258852202367793,0.458494581347808,0.13197126044686494,0.18659884718529993,0.315736458483457,0.026775707569727927,0.010000000000000033
9.57,0.06258809814845613,0.4584927397854624,0.13196990347630178,0.18659791653782,0.315734229850126,0.02677558925795349,0.010000000000000033
9.58,0.06258705069272039,0.4584911533758934,0.13196863347818577,0.18659684243965335,0.31573218190951186,0.026775436542438014,0.010000000000000033
9.59,0.06258650296733556,0.4584893874926779,0.1319672612902975,0.18659565243043544,0.31573049502829675,0.026775368725422608,0.010000000000000033
9.6,0.06258629871592461,0.4584878120877871,0.1319659440496452,0.18659451285832368,0.3157286253591636,0.026775292839839544,0.010000000000000033
9.61,0.06259055184627127,0.45848600371948756,0.13196456365030362,0.18659359041175194,0.31572650404211694,0.02677526979030536,0.010000000000000033
9.620000000000001,0.06259014001116435,0.45848416423208116,0.13196321241481732,0.18659269587093255,0.31572443728385957,0.02677524626416227,0.010000000000000033
9.63,0.0625895221370423,0.45848190577906994,0.1319617120947929,0.18659174441689985,0.3157227448000435,0.026775618219781947,0.010000000000000033
9.64,0.06258853342539034,0.4584798266064699,0.13196030549287566,0.18659081586679735,0.31572098250524727,0.026775582858480813,0.010000000000000033
9.65,0.06258751515486775,0.4584781016596264,0.13195904620230664,0.18658979756644653,0.3157191641200365,0.02677545573659073,0.010000000000000033
9.66,0.06258696414319606,0.45847642137890837,0.13195779136058447,0.1865887525600886,0.3157174141203129,0.026775380309870384,0.010000000000000033
9.67,0.06258661118082949,0.4584748142154382,0.13195656497195368,0.18658774542939618,0.3157155798287863,0.026775321720991833,0.010000000000000033
9.68,0.06258636030037738,0.45847326774499486,0.13195534891641553,0.18658676339311034,0.31571372430397543,0.026775286555993438,0.010000000000000033
9.69,0.06259017233587376,0.4584712420306681,0.13195398736005506,0.18658598068749738,0.3157117995707571,0.02677588129331456,0.010000000000000033
9.700000000000001,0.06258950631586194,0.4584693020187357,0.13195271451025808,0.18658526056848043,0.31570978702957353,0.026775843002643854,0.010000000000000033
9.71,0.06258729195822503,0.45846791136053844,0.13195160238900633,0.18658416934442604,0.31570813419479005,0.02677564704282268,0.010000000000000033
9.72,0.0625865763915017,0.4584660929698675,0.13195037260146836,0.18658325976679868,0.3157064886526259,0.02677560617981609,0.010000000000000033
9.73,0.06258567231625226,0.45846415301495685,0.1319491890477106,0.18658256571672358,0.3157045740216333,0.026775591889244763,0.010000000000000033
9.74,0.0625846954923281,0.4584620410251335,0.13194797585237228,0.18658188195563088,0.31570275737037723,0.02677589148555066,0.010000000000000033
9.75,0.06258376626896371,0.4584599239941513,0.13194674561508796,0.18658118698791243,0.3157010476098948,0.026775902450083575,0.010000000000000033
9.76,0.06258281797334297,0.45845816546946666,0.13194562937118154,0.18658043775307204,0.31569927679445686,0.026775833181092817,0.010000000000000033
9.77,0.06258884696540735,0.45845595245449694,0.131944347185616,0.18657990259696258,0.31569732523351873,0.026776507827015086,0.010000000000000033
9.78,0.06258834305601065,0.4584540747120249,0.1319432250163941,0.18657941934876138,0.3156951829414984,0.02677644256123583,0.010000000000000033
9.790000000000001,0.06258698003025992,0.45845222480150427,0.13194214396702297,0.18657881456300918,0.3156932747310838,0.026776307910740014,0.010000000000000033
9.8,0.06258563303174887,0.45845028974213703,0.13194103268396323,0.186578103281407,0.315691662483114,0.026776264448137358,0.010000000000000033
9.81,0.06258389202867969,0.4584490534256542,0.13194012109611164,0.1865771259772469,0.3156901251946898,0.026776178237384166,0.010000000000000033
9.82,0.06258448722530667,0.45844758393310236,0.1319391480506093,0.18657637762409582,0.3156883059920623,0.026776220221445043,0.010000000000000033
9.83,0.0625839534670479,0.45844584953045553,0.13193813701061605,0.18657580934897383,0.31568636814968626,0.026776395850753063,0.010000000000000033
9.84,0.0625830308733759,0.45844378162516786,0.13193700783369794,0.18657521171921726,0.3156847585759162,0.026776778186937262,0.010000000000000033
9.85,0.06258183751261531,0.4584421175650089,0.13193597074803287,0.18657443905189386,0.31568324467026504,0.026776727863292753,0.010000000000000033
9.86,0.06258402767130525,0.45844050737580944,0.1319349426566623,0.1865737945355405,0.31568149773475823,0.02677669893690528,0.010000000000000033
9.870000000000001,0.0625836154469163,0.45843889559506823,0.13193398274702853,0.18657329058610023,0.3156795217983401,0.02677668586176692,0.010000000000000033
9.88,0.0625824229169092,0.458437246326844,0.13193299080065085,0.18657260746816848,0.31567792746859596,0.026776932655961743,0.010000000000000033
9.89,0.06258366854217547,0.45843540138790584,0.13193189178611098,0.186571988811225,0.3156763912146607,0.026777388716369165,0.010000000000000033
9.9,0.06258308660835928,0.4584338091085053,0.13193093879227757,0.18657151351162596,0.31567446859763193,0.02677735039788374,0.010000000000000033
9.91,0.06258263695099832,0.4584321572762985,0.13192995966560975,0.18657097409567058,0.315672717868293,0.026777311526685905,0.010000000000000033
9.92,0.06258260930789286,0.45843040424959836,0.13192892546479734,0.18657045408824713,0.31567103276855546,0.026777727712389315,0.010000000000000033
9.93,0.06258463395373381,0.45842854505558334,0.13192787451739393,0.18657008261373653,0.31566913764796944,0.02677776478544038,0.010000000000000033
9.94,0.06258432172233962,0.45842678662714026,0.13192689637805183,0.18656973643785396,0.31566720249070435,0.026777757870116457,0.010000000000000033
9.950000000000001,0.06258294161380168,0.4584253145813482,0.1319260088799068,0.186569150133543,0.31566558397591793,0.026777786157388628,0.010000000000000033
9.96,0.06258380429324502,0.4584235812027483,0.1319250033037693,0.1865686131282726,0.31566403872227344,0.02677851641536346,0.010000000000000033
9.97,0.06258316946305728,0.4584218658235904,0.1319240767923546,0.18656823774825032,0.31566221630025915,0.0267785027806405,0.010000000000000033
9.98,0.06258211423250393,0.4584201668388181,0.13192318328212765,0.18656779871256782,0.31566055876434507,0.026778412499928312,0.010000000000000033
9.99,0.06258668723310164,0.45841786347874186,0.1319220589014421,0.18656752041651994,0.3156589819358099,0.026779514279118545,0.010000000000000033
10.0,0.06258611681824323,0.4584160305496208,0.1319211407895526,0.18656733386100044,0.3156570239495915,0.026779375993066224,0.010000000000000033
10.01,0.06258490379333341,0.45841434048474167,0.1319203119184618,0.18656707070231499,0.31565510860003815,0.026779172692200003,0.010000000000000033
10.02,0.06258377744257952,0.45841244059283315,0.1319194056534116,0.18656671281411202,0.3156535437794467,0.026779329464453733,0.010000000000000033
10.03,0.0625825594234025,0.45841070416694263,0.13191855441690414,0.18656629006947759,0.3156520459466782,0.026779337718244138,0.010000000000000033
10.040000000000001,0.06258588821737256,0.4584087557517192,0.1319176247659725,0.1865660443581149,0.3156503276725601,0.026780000110892346,0.010000000000000033
10.05,0.06258542004889309,0.4584070753942793,0.13191681290077004,0.1865658852588454,0.31564835091385035,0.026779956528949263,0.010000000000000033
10.06,0.06258421364442117,0.4584053932148641,0.13191601990803697,0.1865656176707041,0.3156465786652363,0.026779867701345383,0.010000000000000033
10.07,0.06258262175731562,0.4584039674220222,0.13191526671773554,0.1865650508145394,0.3156452255179294,0.026779833573041367,0.010000000000000033
10.08,0.06258327694468513,0.4584024298115717,0.131914461729787,0.1865646270999122,0.3156437126748077,0.026780341643533285,0.010000000000000033
10.09,0.06258274684768356,0.45840087333614327,0.13191372185862374,0.1865644129361295,0.31564184153542374,0.02678034762707745,0.010000000000000033
10.1,0.06258189918041025,0.45839903069581,0.13191288616002744,0.18656418888644913,0.31564020505788315,0.026780547477018156,0.010000000000000033
10.11,0.06258088137970372,0.45839727198034536,0.13191205161947844,0.18656384229626966,0.3156387842238608,0.02678057700274628,0.010000000000000033
10.120000000000001,0.06258727175955517,0.4583951187497184,0.131911058222813,0.18656384840841908,0.31563703152006845,0.026781667274987268,0.010000000000000033
10.13,0.06258680658136499,0.45839344889269135,0.1319102683144026,0.18656385049819252,0.31563500251044807,0.026781517454134384,0.010000000000000033
10.14,0.06258547459440064,0.4583917414807284,0.13190950106977398,0.18656371587660772,0.3156332599390347,0.026781364740897116,0.010000000000000033
10.15,0.06258413033909722,0.45838989530354074,0.13190869807463748,0.18656344673504544,0.31563183317215077,0.026781520842967605,0.010000000000000033
10.16,0.06258233433128832,0.458388833920353,0.1319081121779236,0.1865628948248599,0.31563046670691663,0.026781446496739206,0.010000000000000033
10.17,0.0625830321702608,0.4583875374874507,0.13190745703056903,0.18656259676844322,0.31562878391933025,0.026781677030742877,0.010000000000000033
10.18,0.06258251635797298,0.45838591446738813,0.13190674780731376,0.186562475984273,0.315627017470391,0.02678182282996653,0.010000000000000033
10.19,0.06258160486185456,0.4583839599396627,0.1319058996456732,0.1865623126285035,0.31562560012957525,0.0267824009670916,0.010000000000000033
10.200000000000001,0.06258045125217458,0.4583823925487726,0.13190514916489393,0.18656199843193724,0.3156242483625381,0.026782357029419425,0.010000000000000033
10.21,0.06258287935031774,0.4583808853937523,0.13190440454646887,0.186561790317777,0.3156226507268166,0.026782366173441083,0.010000000000000033
10.22,0.0625824341913355,0.45837938663238403,0.13190372665579297,0.1865616986752775,0.3156208766694074,0.026782518626686024,0.010000000000000033
10.23,0.06258099980465735,0.4583780995011072,0.13190305845316275,0.18656130129702428,0.3156195654732309,0.02678263046190525,0.010000000000000033
10.24,0.06258210589180013,0.4583764753964202,0.1319022608984476,0.18656105712748483,0.3156181936581292,0.02678337300730766,0.010000000000000033
10.25,0.0625816528329073,0.45837482524798256,0.1319015298631521,0.18656104697720266,0.31561649327189706,0.026783350693614497,0.010000000000000033
10.26,0.06258084651014403,0.45837300812112436,0.13190075205092858,0.18656100434453293,0.31561495566766373,0.02678341794525561,0.010000000000000033
10.27,0.06257965304328714,0.4583715667053412,0.13190005600326066,0.18656070175827966,0.3156136684290608,0.026783452889949315,0.010000000000000033
10.28,0.06258195950123235,0.45837009183752214,0.13189931929973012,0.1865605283649675,0.31561217907435124,0.026784098974056432,0.010000000000000033
10.290000000000001,0.06258164778138148,0.4583685456806214,0.1318986349804313,0.18656068199294504,0.31561041584155025,0.02678409535159962,0.010000000000000033
10.3,0.06258078560840348,0.45836670492852966,0.13189787874251416,0.18656065528928942,0.31560893249883565,0.02678437939723838,0.010000000000000033
10.31,0.0625794510509825,0.45836536829261776,0.1318972272291062,0.18656031047696506,0.3156077106316267,0.026784335951810772,0.010000000000000033
10.32,0.06258164680666553,0.4583639618944778,0.1318965456687436,0.18656017748759518,0.31560620429369535,0.026784755956236896,0.010000000000000033
10.33,0.06258134867136607,0.4583624040310036,0.13189589033832683,0.18656045766584184,0.31560446806921777,0.02678478945013893,0.010000000000000033
10.34,0.0625804786398154,0.45836053791720743,0.13189513567368266,0.18656045769613216,0.3156030462939048,0.026785396488749585,0.010000000000000033
10.35,0.06257910653840755,0.45835927231798557,0.1318945044915769,0.1865601125869987,0.3156018757540525,0.026785252017640697,0.010000000000000033
10.36,0.06258140312159634,0.4583578841969862,0.13189384258338158,0.18656000367565445,0.3156003658363225,0.026785514904326693,0.010000000000000033
10.370000000000001,0.06258111434358861,0.45835632091554895,0.13189320232896848,0.18656037675134723,0.3155986419460377,0.026785560231810616,0.010000000000000033
10.38,0.06258024593192227,0.4583544690888207,0.13189245877092262,0.18656039787839998,0.3155972597277958,0.02678637142973443,0.010000000000000033
10.39,0.06257887865875515,0.4583531982847538,0.1318918401340136,0.18656007580950773,0.315596099541648,0.026786175004141585,0.010000000000000033
10.4,0.06258119714997123,0.45835180247616375,0.1318911911849781,0.18655999851023775,0.3155945981875486,0.026786257694195348,0.010000000000000033
10.41,0.06258091643971887,0.45835023317793483,0.1318905596287625,0.1865605155460098,0.3155928991342465,0.02678650670564275,0.010000000000000033
10.42,0.06258004520756995,0.4583483566445048,0.13188983774271243,0.18656055734387392,0.31559152567957827,0.026787179776483296,0.010000000000000033
10.43,0.06257869481287674,0.45834708269278357,0.13188923886955126,0.1865602445599142,0.3155903862632113,0.026787006316340192,0.010000000000000033
10.44,0.06258109767769074,0.4583457132206138,0.1318886188794977,0.1865602043830137,0.31558890490262054,0.026787202964037058,0.010000000000000033
10.450000000000001,0.06258080999945963,0.4583441519050926,0.13188800564417114,0.18656074918239665,0.31558721808406526,0.026787397991841252,0.010000000000000033
10.46,0.06257994281149128,0.4583422957307363,0.13188729638155558,0.1865608237435883,0.3155858865430813,0.026788068162025853,0.010000000000000033
10.47,0.06257860328652838,0.458341014675654,0.1318867064771777,0.18656054812885767,0.31558475405028397,0.02678789799087399,0.010000000000000033
10.48,0.06258110646657258,0.45833963620931406,0.13188608524127057,0.18656067004257054,0.31558328919660006,0.026788189859799385,0.010000000000000033
10.49,0.0625808207270441,0.45833809285234717,0.131885481674586,0.18656128162509636,0.31558162503827947,0.026788234239966516,0.010000000000000033
10.5,0.0625799471921452,0.4583362331037688,0.13188479705487746,0.18656135466743035,0.31558029258880504,0.02678897542071018,0.010000000000000033
10.51,0.06257862963599047,0.45833491329121423,0.13188421664252004,0.18656109029796908,0.3155791718155158,0.026788813624744234,0.010000000000000033
10.52,0.06258105289208474,0.45833353071362015,0.13188361355515177,0.18656124914220676,0.31557776085120265,0.02678901479101263,0.010000000000000033
10.53,0.06258076521973661,0.4583319929753703,0.13188303097844015,0.18656194165975482,0.31557612846433913,0.026789119394589975,0.010000000000000033
10.540000000000001,0.06257990838541877,0.4583301576257904,0.131882352989013,0.18656204762170117,0.31557479797099863,0.02678989572645458,0.010000000000000033
10.55,0.06257861358571461,0.45832883387830253,0.1318817978808197,0.18656181013210993,0.31557369235210403,0.026789729106748893,0.010000000000000033
10.56,0.06258110494986169,0.45832744478160226,0.13188121054023152,0.186561969643357,0.31557229682074456,0.02678991885650766,0.010000000000000033
10.57,0.06258081655417748,0.4583259269388088,0.131880651906898,0.18656274315272722,0.3155706605047579,0.026790109832684414,0.010000000000000033
10.58,0.06257995851172954,0.458324094531147,0.13187999889683438,0.18656288431652562,0.3155693383671791,0.026790716351989263,0.010000000000000033
10.59,0.06257869447138299,0.45832273262742557,0.13187943301725402,0.18656267491607556,0.315568244561253,0.026790589905423635,0.010000000000000033
10.6,0.06258118931906036,0.4583213343910639,0.1318788583879718,0.18656289851897584,0.31556688358985685,0.026790899180109122,0.010000000000000033
10.61,0.06258089429820247,0.45831984175511786,0.13187831015937085,0.18656369810113757,0.3155652582185317,0.0267909294075232,0.010000000000000033
10.620000000000001,0.06258004071281859,0.45831801644754155,0.13187767391406474,0.18656390248284604,0.3155639375503526,0.026791738898622394,0.010000000000000033
10.63,0.06257882794312292,0.4583165640888083,0.13187712002856292,0.18656374982447896,0.3155628269264715,0.02679159436170157,0.010000000000000033
10.64,0.06258141199812214,0.4583151416009748,0.131876545165101,0.18656403982204825,0.31556149006371886,0.026791760462506663,0.010000000000000033
10.65,0.06258109780387185,0.4583136726498669,0.13187602358060196,0.1865648784372661,0.31555988864340184,0.02679182584816123,0.010000000000000033
10.66,0.06258020264803595,0.4583119132447061,0.1318754107630356,0.18656503177279138,0.3155585643789315,0.026792666525547983,0.010000000000000033
10.67,0.06257884380859305,0.45831061568845,0.13187490738520485,0.1865648342387365,0.3155575177845273,0.026792471992604323,0.010000000000000033
10.68,0.06258107239376594,0.4583092415134065,0.13187437331702007,0.18656515980014154,0.3155561801289398,0.026792702922674987,0.010000000000000033
10.69,0.06258076026687115,0.45830775535212953,0.13187386521100783,0.18656607049877533,0.31555458293794314,0.0267927423756938,0.010000000000000033
10.700000000000001,0.06257992171672007,0.45830595364293625,0.1318732565057079,0.186566312875377,0.3155532903420351,0.026793549536329918,0.010000000000000033
10.71,0.06257868887060401,0.45830458136159885,0.13187272514244933,0.1865661598092932,0.31555222508347747,0.026793396973059703,0.010000000000000033
10.72,0.06258126008831537,0.4583032005656848,0.13187219247956475,0.18656655120382779,0.31555088853740876,0.026793573072684672,0.010000000000000033
10.73,0.06258096559208401,0.45830173042030037,0.13187169945772545,0.18656749526608193,0.3155493121780064,0.026793665013960754,0.010000000000000033
10.74,0.06258011815634837,0.45829994272371477,0.13187110373564648,0.18656775805398262,0.3155480238177347,0.02679455133762101,0.010000000000000033
10.75,0.0625789153136169,0.4582985195442335,0.13187057764804913,0.1865676470084586,0.3155469751288306,0.02679439131701844,0.010000000000000033
10.76,0.06258154350436196,0.4582971195726275,0.13187003862129854,0.18656802206785408,0.31554568048253007,0.02679453708533175,0.010000000000000033
10.77,0.06258122949112903,0.4582956682489267,0.13186955487777055,0.18656896571984652,0.3155440879384033,0.026794610886862063,0.010000000000000033
10.78,0.06258032807986781,0.45829392764862936,0.13186898787337767,0.18656922379118399,0.31554280197874945,0.02679538450449162,0.010000000000000033
10.790000000000001,0.06257892752151019,0.4582927028365182,0.1318685297206635,0.1865690393244636,0.31554181614632376,0.026795208022234156,0.010000000000000033
10.8,0.06258117449927886,0.45829135877368293,0.13186803210899922,0.186569547651268,0.31554051096480085,0.026795565048404146,0.010000000000000033
10.81,0.06258086372663091,0.45828986588206366,0.1318675531906834,0.18657053391221123,0.31553895484861094,0.02679558931241828,0.010000000000000033
10.82,0.06258002619467423,0.4582880780169838,0.13186696934181452,0.18657086790002772,0.3155377021332116,0.026796318893270044,0.010000000000000033
10.83,0.06257880129455666,0.4582867016058949,0.1318664742786329,0.18657075282657204,0.3155366828431511,0.026796180654155045,0.010000000000000033
10.84,0.06258142895339538,0.4582853340082349,0.13186596408460297,0.18657124559329122,0.31553540753575415,0.0267964303616286,0.010000000000000033
10.85,0.06258113522354705,0.4582838750878056,0.13186549886408863,0.18657224455883298,0.3155338710144627,0.026796473618098043,0.010000000000000033
10.86,0.06258028362634803,0.458282099711908,0.13186493250782616,0.18657265851365054,0.3155326268544144,0.026797317033540047,0.010000000000000033
10.870000000000001,0.06257908303781456,0.4582806872402618,0.1318644320978104,0.18657257970232072,0.3155316189209056,0.026797181107275688,0.010000000000000033
10.88,0.06258165291445168,0.45827929605286233,0.1318639276616098,0.18657300983711778,0.3155303746716282,0.02679733216962867,0.010000000000000033
10.89,0.06258133917392499,0.45827785160681145,0.13186347766609996,0.18657405256072462,0.31552884497928435,0.026797400122230135,0.010000000000000033
10.9,0.06258044211608642,0.45827614139292205,0.13186294144759889,0.1865744772993612,0.31552759477562853,0.0267982364741904,0.010000000000000033
10.91,0.06257900136622134,0.45827499936143473,0.13186252946928917,0.1865742764977102,0.31552665985182016,0.026798032268460798,0.010000000000000033
10.92,0.06258113280901653,0.4582736767182395,0.13186207010668957,0.18657487675361453,0.31552539256810674,0.026798387588054327,0.010000000000000033
10.93,0.06258081474073701,0.45827218087280125,0.13186160941685174,0.18657590633116858,0.3155238898574194,0.026798415912041518,0.010000000000000033
10.94,0.06257998116897724,0.4582703942281313,0.13186105073078055,0.18657626144246772,0.3155227007994211,0.026799162621356253,0.010000000000000033
10.950000000000001,0.06257874116829379,0.45826909858954656,0.13186060036969122,0.18657616164449828,0.31552171851643646,0.02679901802283254,0.010000000000000033
10.96,0.06258147549930462,0.4582677564834399,0.13186012898590124,0.18657680969355528,0.31552046669465195,0.026799340562037324,0.010000000000000033
10.97,0.06258119832917113,0.4582662827983255,0.13185968144195537,0.186577927648973,0.315518973022716,0.02679936681195344,0.010000000000000033
10.98,0.06258035816956738,0.45826450997706,0.1318591393022175,0.18657832436647812,0.3155177673034531,0.02680013337301865,0.010000000000000033
10.99,0.06257917237287933,0.4582631108170912,0.1318586787965369,0.1865782573527663,0.3155167847953044,0.02680000970861275,0.010000000000000033
11.0,0.06258183715508134,0.45826174609031955,0.13185820000320125,0.1865788963279838,0.31551556079343623,0.026800295275913495,0.010000000000000033
11.01,0.0625815297487266,0.45826032677748996,0.1318577670094623,0.18658001244051964,0.3155140518342508,0.026800314826377437,0.010000000000000033
11.02,0.06258063041979771,0.45825863624445873,0.13185724658086573,0.18658046360542865,0.31551285299603027,0.026801057678739512,0.010000000000000033
11.03,0.0625792207820799,0.45825745815207636,0.1318568483231168,0.18658028911883615,0.3155119461630254,0.02680088157154111,0.010000000000000033
11.040000000000001,0.06258144659167518,0.45825614548593346,0.13185641486197575,0.1865809727350741,0.3155107030473922,0.026801207784436256,0.010000000000000033
11.05,0.0625811422436525,0.45825467070726816,0.1318559808497858,0.18658210872055278,0.3155092379563814,0.026801251029975676,0.010000000000000033
11.06,0.062580318168621,0.4582529005605716,0.1318554453097637,0.18658257049680585,0.31550806813034654,0.026802052147410188,0.010000000000000033
11.07,0.06257912497550537,0.4582515607431827,0.131854995893417,0.18658251141007465,0.31550711477768817,0.026801910843801752,0.010000000000000033
11.08,0.06258190791280782,0.4582502064151837,0.13185453781773968,0.18658323870084365,0.31550591075951884,0.02680210799318666,0.010000000000000033
11.09,0.06258162284786978,0.45824877699180805,0.1318541215516099,0.18658434499041163,0.31550445420677686,0.026802306646603012,0.010000000000000033
11.1,0.06258077222205523,0.4582470470805112,0.13185361272825,0.1865848642507364,0.3155032763882032,0.02680295825334336,0.010000000000000033
11.11,0.06257955891341443,0.4582456798738481,0.1318531798029152,0.18658481778700303,0.31550232103215925,0.026802837493343508,0.010000000000000033
11.120000000000001,0.06258213267889483,0.45824432032307433,0.13185272324936131,0.1865854935165272,0.3155011576461252,0.026803188213248185,0.010000000000000033
11.13,0.06258181919929,0.45824289917324357,0.13185232112947737,0.18658670708914774,0.3154997054387316,0.02680319954342227,0.010000000000000033
11.14,0.06258094669960185,0.45824120220866665,0.1318518417672352,0.18658721099451417,0.3154985186907621,0.026803975842451835,0.010000000000000033
11.15,0.06257961899489643,0.45823995950898516,0.13185144748146274,0.18658708326070567,0.31549760215224976,0.026803809109835697,0.010000000000000033
11.16,0.06258194354585245,0.4582386446311107,0.13185101895217077,0.18658787191770013,0.31549639963464027,0.02680410942036566,0.010000000000000033
11.17,0.06258164111652288,0.45823721431597714,0.1318506076526828,0.18658907081530368,0.31549495378870857,0.02680413734111484,0.010000000000000033
11.18,0.06258081513108169,0.45823545782459546,0.13185010900657884,0.18658956585150896,0.3154938034067892,0.026804992651489848,0.010000000000000033
11.19,0.06257965183785266,0.4582340850674234,0.1318496878292649,0.1865895422073175,0.31549287394244857,0.026804844276491973,0.010000000000000033
11.200000000000001,0.06258239667330674,0.4582327259047068,0.13184924332647993,0.18659034371893335,0.31549171552228206,0.02680504103299995,0.010000000000000033
11.21,0.06258208952647336,0.4582313300543728,0.1318488536343921,0.1865915345137997,0.3154902789614161,0.026805070567044426,0.010000000000000033
11.22,0.06258115305698063,0.4582296971424226,0.13184839122331624,0.1865920597474405,0.31548911357403453,0.02680583771931692,0.010000000000000033
11.23,0.06258092177365761,0.4582279790843122,0.13184785540802865,0.18659249333579628,0.31548815113048895,0.026805872525046754,0.010000000000000033
11.24,0.06258056579184053,0.4582267661361726,0.13184748514598418,0.18659305462987671,0.3154868879481203,0.026805786571123223,0.010000000000000033
11.25,0.06258245904585198,0.45822553087284773,0.13184711105712268,0.1865939081954009,0.31548551027751615,0.026806440528058383,0.010000000000000033
11.26,0.06258323153115375,0.45822387141040133,0.1318465974764606,0.1865948680996969,0.3154842637067989,0.026806525527547743,0.010000000000000033
11.27,0.06258270076050328,0.4582222663519572,0.1318461081415528,0.18659561420568024,0.315483023215157,0.026806897882698546,0.010000000000000033
11.28,0.06258205386960003,0.45822087865966776,0.1318456901615345,0.1865958764823438,0.31548184842224314,0.026806898795979115,0.010000000000000033
11.290000000000001,0.06258190808354251,0.45821952286210116,0.13184526085699041,0.18659635778805755,0.31548070616115115,0.026807345346192484,0.010000000000000033
11.3,0.06258188722093078,0.45821824875778766,0.13184485619247838,0.18659704712956832,0.31547946526910586,0.026807371969254215,0.010000000000000033
11.31,0.06258185556165471,0.4582169086804811,0.13184445608168582,0.18659773988411638,0.31547823052985463,0.026807877068719278,0.010000000000000033
11.32,0.06258178460745784,0.4582154783077818,0.13184402059939204,0.1865983497154733,0.3154770773079598,0.026807915377324607,0.010000000000000033
11.33,0.06258167257500881,0.4582140286183517,0.13184357270943342,0.18659901518576102,0.31547593454770495,0.026808465946982232,0.010000000000000033
11.34,0.06258153874877297,0.45821260319232227,0.13184313578178372,0.18659966450461984,0.31547475426510013,0.026808478578600522,0.010000000000000033
11.35,0.06258060831401763,0.4582115523130234,0.13184280499027803,0.1865996980430753,0.3154736584010689,0.02680843170862712,0.010000000000000033
11.36,0.0625826928382439,0.45821015963795136,0.1318423518837943,0.18660062961065293,0.315472560314928,0.026809516696413706,0.010000000000000033
11.370000000000001,0.0625821969018265,0.45820850512928984,0.13184187190474778,0.1866017613319528,0.3154713723091362,0.02680948445498798,0.010000000000000033
11.38,0.0625813426332649,0.4582066536627826,0.1318413563578872,0.18660257192722265,0.31547029903543944,0.026809754980086403,0.010000000000000033
11.39,0.06258063908585122,0.4582048497043423,0.1318408574127437,0.1866034397805014,0.31546921233643677,0.026809801828211008,0.010000000000000033
11.4,0.0625800594861018,0.4582031812454874,0.13184042458896789,0.1866043024878969,0.3154680385935254,0.026810233111299556,0.010000000000000033
11.41,0.06257958580166993,0.4582015391918849,0.1318400137697305,0.18660512477644192,0.3154668481949148,0.02681026763458733,0.010000000000000033
11.42,0.06257916929520704,0.4581998863066736,0.13183959145693547,0.18660586571416476,0.315465700163225,0.026810758297762406,0.010000000000000033
11.43,0.06257880254944129,0.4581982784560359,0.13183917511354018,0.18660666271253237,0.3154645359380834,0.026810786660189972,0.010000000000000033
11.44,0.06257849606733736,0.4581966970641317,0.13183877049176948,0.18660742469461516,0.3154633521463666,0.026811089015606502,0.010000000000000033
11.450000000000001,0.06257823629661056,0.45819514901840647,0.13183837152195896,0.18660822672429267,0.3154621643578588,0.026811135664169636,0.010000000000000033
11.46,0.0625780138513922,0.4581935829802196,0.13183797304201722,0.1866090350237954,0.31546099650399756,0.02681161942111699,0.010000000000000033
11.47,0.06257782042470593,0.4581920381194726,0.1318375665232645,0.1866098410757852,0.3154598263683637,0.026811666607725857,0.010000000000000033
11.48,0.06257762251941766,0.4581905695507539,0.13183716575179977,0.1866105007855299,0.31545865101431575,0.026811971910034076,0.010000000000000033
11.49,0.06257715308125922,0.45818945654897664,0.13183685539638768,0.18661054115941386,0.3154575629342448,0.026811941308658323,0.010000000000000033
11.5,0.06258224976065203,0.4581881747579915,0.13183646726815396,0.1866114055775424,0.3154564292423289,0.026812764869962855,0.010000000000000033
11.51,0.06258205394925932,0.45818690411646396,0.13183611988945368,0.18661243004934894,0.315455108458919,0.026812708719142778,0.010000000000000033
11.52,0.06258061597183698,0.4581860087317942,0.13183587051868054,0.1866122969586355,0.3154541220967438,0.02681257326211632,0.010000000000000033
11.53,0.06258261605648503,0.4581846647187498,0.13183547769601117,0.18661321443703607,0.3154530982845807,0.02681362659482399,0.010000000000000033
11.540000000000001,0.06258221946207862,0.458183151194018,0.13183508683315553,0.18661449117093054,0.3154518376583722,0.02681357039917209,0.010000000000000033
11.55,0.06258143276034928,0.45818146191107517,0.1318346411773848,0.1866152518054109,0.3154507196426971,0.026813665796052544,0.010000000000000033
11.56,0.06258045773605568,0.45817998277470956,0.13183424619755452,0.1866154083695049,0.3154497507535106,0.02681384055788335,0.010000000000000033
11.57,0.06258192646163833,0.4581786226898785,0.1318338565114746,0.18661625949542804,0.31544865545831646,0.026814186624013737,0.010000000000000033
11.58,0.06258637108336457,0.45817700752252444,0.13183338378220474,0.18661802661102353,0.31544727981802434,0.026814701669675946,0.010000000000000033
11.59,0.06258590356618242,0.45817544060748044,0.13183297104847172,0.1866190930958784,0.3154458677072003,0.026814688277335342,0.010000000000000033
11.6,0.062584678287194,0.4581738151195673,0.13183256275641536,0.18661951805370824,0.31544474925688837,0.02681501894665517,0.010000000000000033
11.61,0.06258317660039069,0.4581724831242217,0.13183222216974924,0.18661948411176268,0.31544390161966246,0.02681499883405554,0.010000000000000033
11.620000000000001,0.06258444556226893,0.458171062139066,0.13183183593315007,0.18662045708481753,0.31544289170165346,0.026815687609249714,0.010000000000000033
11.63,0.06258376598447037,0.4581697557619842,0.13183154819500148,0.18662154350960927,0.31544160920405084,0.026815614953756103,0.010000000000000033
11.64,0.06258215461255404,0.4581688564281453,0.13183134470509422,0.18662135273243083,0.31544071474983637,0.026815487357219482,0.010000000000000033
11.65,0.06258333302880022,0.4581674744480148,0.13183096925203697,0.18662224180063505,0.31543975582893363,0.02681656685934424,0.010000000000000033
11.66,0.06258285217806522,0.45816597088229966,0.13183058888926993,0.1866236411727542,0.31543852140732853,0.02681650621363578,0.010000000000000033
11.67,0.06258207871620673,0.45816428912783463,0.1318301648574979,0.18662445969801675,0.31543741446840334,0.026816553189375023,0.010000000000000033
11.68,0.06258116818342445,0.4581627782158538,0.13182977166653653,0.18662470792340483,0.3154364724966411,0.026816821785920705,0.010000000000000033
11.69,0.06258849562161835,0.4581607980679508,0.13182918474576652,0.18662666230082073,0.3154352857300332,0.026817832599951564,0.010000000000000033
11.700000000000001,0.06258806757506252,0.4581592848174986,0.13182881226240606,0.18662786496821374,0.31543379053823595,0.02681768188768801,0.010000000000000033
11.71,0.06258674468275648,0.4581578038295418,0.13182848702547184,0.18662844006608126,0.31543254029366763,0.026817566299996914,0.010000000000000033
11.72,0.06258559598985564,0.45815610294233694,0.13182809223100697,0.18662905668234325,0.3154315913266863,0.026818228870953184,0.010000000000000033
11.73,0.06258457480937696,0.4581544618511632,0.13182772478910462,0.18662987514856874,0.3154305821133445,0.026818223940994222,0.010000000000000033
11.74,0.06258376448731717,0.4581529691291783,0.13182741192128022,0.1866308185153384,0.31542941669048746,0.026818183916765923,0.010000000000000033
11.75,0.06258309180992341,0.45815146496290937,0.13182711026195623,0.18663167645037762,0.31542825790069207,0.02681869587535963,0.010000000000000033
11.76,0.06258249580746093,0.45814989208887436,0.13182676494890724,0.18663242792181836,0.3154271884153672,0.02681874705152767,0.010000000000000033
11.77,0.06258195988806634,0.4581483545074323,0.13182641836870276,0.18663329785526814,0.3154261134416259,0.026818937236748178,0.010000000000000033
11.78,0.06258143793110528,0.45814693751091506,0.13182609514557156,0.18663404039871254,0.31542499407804697,0.026819103979963024,0.010000000000000033
11.790000000000001,0.06258048821074176,0.4581461323480193,0.1318259188398092,0.18663391415485434,0.31542401783609203,0.02681903422706925,0.010000000000000033
11.8,0.06258414950998224,0.45814498709223167,0.13182560371097285,0.18663483817657336,0.31542293179393627,0.02681990276690314,0.010000000000000033
11.81,0.06258396640346792,0.45814359217130357,0.13182526462497846,0.18663609057073655,0.31542170298498773,0.026819892185126773,0.010000000000000033
11.82,0.06258311205097182,0.458141976607277,0.13182485423326526,0.18663676070626423,0.31542067701940607,0.02682017492264718,0.010000000000000033
11.83,0.06258191248739202,0.45814089615740977,0.13182456332487588,0.18663668749138085,0.3154198216921235,0.026820119249797433,0.010000000000000033
11.84,0.06258468525447827,0.4581396938915306,0.1318242258043036,0.18663768797805583,0.3154187611899538,0.02682070486385932,0.010000000000000033
11.85,0.06258440530398861,0.4581383129254185,0.13182389761549068,0.18663908976340915,0.31541750722515133,0.026820717563022636,0.010000000000000033
11.86,0.06258355051077934,0.45813665624973254,0.13182347897230187,0.18663979429126643,0.31541649872313654,0.026821181599051322,0.010000000000000033
11.870000000000001,0.0625823719495302,0.4581354368215312,0.1318231521193253,0.1866397552355466,0.31541567118099423,0.026821134635649935,0.010000000000000033
11.88,0.06258510133513502,0.4581341977881236,0.13182280155468112,0.18664074508649145,0.31541463369204364,0.026821654252460574,0.010000000000000033
11.89,0.0625847941675482,0.45813286305283835,0.13182248816662848,0.1866420979136676,0.31541336544334286,0.026821660065839487,0.010000000000000033
11.9,0.0625839099185912,0.4581312572954248,0.1318220869340197,0.18664282958516545,0.3154123642449835,0.026822185472750393,0.010000000000000033
11.91,0.0625826218838301,0.458130091112227,0.13182179228680568,0.1866427423960655,0.31541157410616255,0.026822088540075614,0.010000000000000033
11.92,0.06258511387640388,0.4581288633292818,0.1318214552627652,0.18664378358866482,0.31541053010730463,0.026822498496471163,0.010000000000000033
11.93,0.06258480016898386,0.4581275185714534,0.13182113342396382,0.18664521999287378,0.3154092688938923,0.026822534683301695,0.010000000000000033
11.94,0.06258395251351942,0.4581258820312232,0.1318207307270947,0.18664590868302164,0.3154082768058796,0.026823211196312827,0.010000000000000033
11.950000000000001,0.06258279711026535,0.458124610360662,0.13182039823583833,0.18664588474318616,0.31540746993458507,0.02682312250203702,0.010000000000000033
11.96,0.06258554211379758,0.458123331358262,0.1318200303712528,0.18664689679878738,0.31540646621114854,0.026823463519817185,0.010000000000000033
11.97,0.0625852023030111,0.4581219982680178,0.13181972025069483,0.18664825268641866,0.3154051891982657,0.026823480949710304,0.010000000000000033
11.98,0.0625842133705029,0.4581205119670565,0.13181936140422004,0.1866487330246606,0.3154041811970274,0.026824050470639575,0.010000000000000033
11.99,0.06258820725911794,0.45811852361956934,0.13181876984245408,0.1866501700888307,0.31540329346201124,0.02682467745905185,0.010000000000000033
12.0,0.06258776513873254,0.45811700775671027,0.1318183969737264,0.18665155836652936,0.3154019540901015,0.026824571485276165,0.010000000000000033
12.01,0.0625866863740121,0.45811568555919585,0.1318181177688912,0.18665228192668787,0.31540068382840947,0.026824497583765587,0.010000000000000033
12.02,0.06258537701087075,0.4581143732815126,0.1318178245441625,0.1866522785659175,0.31539983418017997,0.026824968727864863,0.010000000000000033
12.030000000000001,0.06258602484556686,0.4581129075527829,0.13181744132618708,0.1866531442026471,0.31539895133596535,0.026825211678049243,0.010000000000000033
12.040000000000001,0.06258479700166754,0.45811217160482154,0.13181731501929916,0.18665331163411128,0.31539778934983637,0.026825062834263724,0.010000000000000033
12.05,0.06258666912759747,0.45811102899337885,0.13181703764014485,0.1866544598086572,0.31539666627582413,0.026825851791853185,0.010000000000000033
12.06,0.06258614516529985,0.458109461174899,0.1318166526942468,0.186655660715341,0.3153956140724374,0.026825890359019385,0.010000000000000033
12.07,0.06258524435337973,0.45810770107964505,0.13181620360628885,0.1866565650619613,0.3153946795516433,0.026826258598204995,0.010000000000000033
12.08,0.06258450297372564,0.45810603335330075,0.13181579347279004,0.1866575607943454,0.31539367791434963,0.026826301009999463,0.010000000000000033
12.09,0.0625838560770802,0.45810450624848015,0.13181544600532077,0.18665845724480623,0.3153925870754564,0.0268265463824735,0.010000000000000033
12.1,0.06258308015491845,0.45810326395532525,0.13181516648732036,0.18665858129165522,0.31539158185626137,0.026826558144950087,0.010000000000000033
12.11,0.06258486399636307,0.45810198485972137,0.13181482953454962,0.18665943068451976,0.31539059073791054,0.026827236151518098,0.010000000000000033
12.120000000000001,0.0625895753347028,0.4581003697170015,0.1318143776012259,0.18666124919683916,0.3153893295698634,0.02682733278620522,0.010000000000000033
12.13,0.06258910665063377,0.4580988949171326,0.13181401023075914,0.18666248301155225,0.3153879455710999,0.026827453782069795,0.010000000000000033
12.14,0.06258789146677014,0.4580973645258013,0.13181364716265084,0.18666292482560073,0.31538687156539713,0.026827869215167412,0.010000000000000033
12.15,0.06258656566819258,0.4580959196213261,0.13181329831647218,0.18666316049255124,0.315386067542821,0.026827897426414903,0.010000000000000033
12.16,0.06259158387484494,0.45809401863025573,0.13181276958138538,0.18666510270967,0.31538506142135647,0.02682896999731043,0.010000000000000033
12.17,0.06259092915193502,0.45809259854625195,0.13181246315154768,0.18666642299457714,0.31538365647586103,0.02682880818081507,0.010000000000000033
12.18,0.06258959548957452,0.4580911993294376,0.13181219792053422,0.1866670586542941,0.3153824655506554,0.02682866962152288,0.010000000000000033
12.19,0.06258841597871506,0.4580895774711052,0.13181184869856663,0.1866676509329385,0.31538158710984804,0.02682941034373441,0.010000000000000033
12.200000000000001,0.06258736637050791,0.45808800266210475,0.13181151741889977,0.18666856564090592,0.31538065848093794,0.02682939604041651,0.010000000000000033
12.21,0.06258649531489247,0.45808660903230564,0.1318112524026891,0.18666950061753923,0.3153795717653342,0.026829326636366932,0.010000000000000033
12.22,0.06255255066353596,0.45874681337385476,0.13223758556728524,0.18650753432684355,0.3155347455984007,0.026732145966751775,0.010000000000000033
12.23,0.06253960779146442,0.4586568319335482,0.13214685651824887,0.18644647824534175,0.31582972148429456,0.0268608394915094,0.010000000000000033
12.24,0.06250851790917479,0.45855317096064924,0.13207541741995177,0.18646969890810708,0.3158683310843388,0.02684052628980137,0.010000000000000033
12.25,0.0625687026455296,0.4585473681841764,0.13206305868166393,0.1865507298676207,0.31580317194687757,0.026817449340300722,0.010000000000000033
12.26,0.06265276924259558,0.45857181937367464,0.13206363965691503,0.18656369898339947,0.3157572328830454,0.026806967919226633,0.010000000000000033
12.27,0.0626511342589056,0.458560686462482,0.13205436554432878,0.18655525685364574,0.31577685949704093,0.02680652462815714,0.010000000000000033
12.280000000000001,0.06264043887459188,0.45854974693837053,0.13204575048612185,0.18654583369214936,0.3158045565355111,0.02680722091497376,0.010000000000000033
12.290000000000001,0.06263270447098294,0.4585578930437947,0.13204470202737406,0.1865423169977256,0.31579987864146686,0.026804941896261036,0.010000000000000033
12.3,0.06262840686934744,0.4585664572140607,0.1320486803938045,0.18654144800846573,0.31578904410730774,0.026801812503549075,0.010000000000000033
12.31,0.06262285538016599,0.4585644714549722,0.13204750837199206,0.18654005140224852,0.315786440208087,0.02679994017803967,0.010000000000000033
12.32,0.06261644127836855,0.4585602864172877,0.13204498285990976,0.18653856228363438,0.3157862388190574,0.02679870028534214,0.010000000000000033
12.33,0.06261160068848556,0.4585588203497058,0.13204350380805074,0.1865378086240139,0.3157832219229344,0.026797168266339128,0.010000000000000033
12.34,0.06260821825291334,0.4585580257137325,0.13204237242741432,0.18653737632736067,0.3157795289608782,0.02679562401111296,0.010000000000000033
12.35,0.06260507928166537,0.4585559986402622,0.13204075192487336,0.18653677117620393,0.3157772796111619,0.026794432076901954,0.010000000000000033
12.36,0.06260216677847719,0.45855372709349573,0.13203895686257297,0.1865361525407927,0.31577530969769263,0.02679339635386669,0.010000000000000033
12.370000000000001,0.0625999280258221,0.4585521036030327,0.1320373765884535,0.18653569592476213,0.3157725788762971,0.026792309743225773,0.010000000000000033
12.38,0.06259817590494914,0.4585505884297944,0.1320357993789556,0.18653525863667458,0.3157698132912759,0.026791268838178346,0.010000000000000033
12.39,0.06259657285242443,0.4585487922170102,0.13203406187237407,0.18653467247811678,0.31576756126138267,0.02679035093700837,0.010000000000000033
12.4,0.0625955703897721,0.45854687869277555,0.13203217542802068,0.18653398260900417,0.3157655857158021,0.026789540636663826,0.010000000000000033
12.41,0.06259458789653584,0.4585453494734014,0.1320303704870904,0.18653323129276586,0.3157634786154167,0.02678872201368535,0.010000000000000033
12.42,0.06259407286126291,0.45854361114977116,0.13202845853418194,0.18653245545183447,0.31576152939150115,0.026787991229488706,0.010000000000000033
12.43,0.06259306349915096,0.4585417770005639,0.13202647143698626,0.1865315239200577,0.3157599911116434,0.026787330225398833,0.010000000000000033
12.44,0.06259258643894978,0.45853952987486174,0.1320243004577904,0.18653061295429707,0.31575869225749953,0.026786772567141952,0.010000000000000033
12.450000000000001,0.06259150087155373,0.45853726827770824,0.1320221630320414,0.18652974212026927,0.31575736380093217,0.02678622215410747,0.010000000000000033
12.46,0.06259068231677681,0.45853478758879224,0.1320199162205752,0.18652884054465205,0.3157562628536711,0.026785748920005945,0.010000000000000033
12.47,0.06258974734651926,0.4585325496363193,0.13201775591213666,0.18652792416593006,0.315755110322387,0.026785268267373354,0.010000000000000033
12.48,0.0625924636851097,0.4585297646425443,0.13201542061187552,0.18652730279511615,0.31575371039924616,0.02678489077657344,0.010000000000000033
12.49,0.06259170555930346,0.45852729738985404,0.13201326485620307,0.18652670286361736,0.3157521893624122,0.026784461574280643,0.010000000000000033
12.5,0.0625901807078174,0.4585249241996375,0.13201117702459944,0.18652600204852304,0.315750849897622,0.02678402905796996,0.010000000000000033
12.51,0.06258864352177367,0.45852282174596337,0.13200919293176902,0.18652517339118227,0.3157496191494202,0.02678356907816217,0.010000000000000033
12.52,0.06259169778798064,0.45852027839171194,0.13200708365523692,0.18652469468642258,0.315747923657528,0.026783211063593396,0.010000000000000033
12.530000000000001,0.06259111767328966,0.4585183018123618,0.13200523452425078,0.1865243005637598,0.3157458579013689,0.026782768173875995,0.010000000000000033
12.540000000000001,0.06258981251941718,0.4585163737178543,0.1320034561738477,0.18652378908232378,0.3157440047822005,0.026782312042851242,0.010000000000000033
12.55,0.06258834499772217,0.45851469320468274,0.1320017372921915,0.18652302146657215,0.3157424782372894,0.026781852453224196,0.010000000000000033
12.56,0.06258825630215026,0.45851301104478404,0.13200002302146524,0.18652240856661056,0.31574071911256923,0.026781445159297635,0.010000000000000033
12.57,0.06258768619064227,0.45851142057312155,0.13199843012685444,0.18652198313587326,0.3157385632134082,0.026781006964204886,0.010000000000000033
12.58,0.06258673230610116,0.4585097522263644,0.13199679893696428,0.18652140213677748,0.31573677942751316,0.02678060173316517,0.010000000000000033
12.59,0.06258738343020548,0.4585078254428761,0.13199504549212085,0.1865208467864136,0.3157351680116287,0.026780304494751606,0.010000000000000033
12.6,0.06258651855834925,0.45850656635676335,0.1319935496777135,0.18652022412663294,0.3157332618271941,0.02677990347600493,0.010000000000000033
12.61,0.06258791771690458,0.45850496648309,0.13199194215150326,0.1865196819180937,0.31573145059273,0.026779588091861907,0.010000000000000033
12.620000000000001,0.06258740358038474,0.45850294816319165,0.13199024001471252,0.18651922615586908,0.3157297696807948,0.026779343297617147,0.010000000000000033
12.63,0.06258632556634935,0.45850081791191116,0.13198850113483726,0.1865187121567524,0.31572836437447,0.026779132864665062,0.010000000000000033
12.64,0.06258796717633067,0.4584984425758893,0.13198663420437354,0.18651829971810233,0.31572689741010157,0.02677898828436565,0.010000000000000033
12.65,0.06258757638418638,0.4584964464273501,0.13198496501649282,0.18651798806584527,0.3157250875513144,0.026778771834451147,0.010000000000000033
12.66,0.06258652556508426,0.4584945915005545,0.13198336334703972,0.18651754518202143,0.3157234748924096,0.026778535751162583,0.010000000000000033
12.67,0.06258712360242702,0.45849217124485137,0.13198152760198253,0.18651710215904094,0.3157221915544076,0.02677843493640878,0.010000000000000033
12.68,0.06258656370809955,0.45849011080229335,0.13197988333871782,0.18651675805217247,0.31572054841837704,0.026778269951894015,0.010000000000000033
12.69,0.06258551231359918,0.45848845444939096,0.13197840611721492,0.18651634381539378,0.31571886334714905,0.02677803009011069,0.010000000000000033
12.700000000000001,0.06258920378698246,0.45848604963058825,0.1319766453987415,0.18651605135882154,0.31571737063974425,0.026777956020634642,0.010000000000000033
12.71,0.06258858063932227,0.45848403684337025,0.1319750841147288,0.186515828404308,0.3157155913580463,0.026777805168435736,0.010000000000000033
12.72,0.06258728719498186,0.45848226538525677,0.13197365411259204,0.18651555921629842,0.31571378934715466,0.02677760813046249,0.010000000000000033
12.73,0.0625859622283351,0.45848057230481,0.1319722493520805,0.186515132278854,0.3157122669387446,0.026777421046793724,0.010000000000000033
12.74,0.06258984570597713,0.45847824828741224,0.13197062457782113,0.18651495851009398,0.315710607608382,0.026777354738685304,0.010000000000000033
12.75,0.06258924390032898,0.45847647408460235,0.1319692582367915,0.18651486688796298,0.3157085439117679,0.026777197558694663,0.010000000000000033
12.76,0.06258793892867763,0.45847478266794256,0.13196794442830911,0.18651467091491122,0.31570663354381356,0.026777014106568763,0.010000000000000033
12.77,0.06258649582660314,0.4584730931527654,0.1319666187639999,0.18651426628662915,0.3157051392040557,0.026776863859160116,0.010000000000000033
12.780000000000001,0.06258568671771698,0.4584716275654741,0.1319653443246403,0.18651382019636592,0.3157036130066335,0.026776708720685608,0.010000000000000033
12.790000000000001,0.06259096912609936,0.45846989764796525,0.1319640013758763,0.18651369463998743,0.3157016326599045,0.02677661508794152,0.010000000000000033
12.8,0.06259056491890175,0.45846822169970763,0.1319627268842529,0.1865136438681945,0.3156995379378721,0.026776511150864855,0.010000000000000033
12.81,0.06258869212687332,0.4584665330470107,0.13196143099663799,0.18651332192788092,0.3156980064018408,0.026776412244107956,0.010000000000000033
12.82,0.06258785022195561,0.45846458424437503,0.13196003166700349,0.18651300512042715,0.3156966793878914,0.02677638234402146,0.010000000000000033
12.83,0.0625872505550846,0.45846291737128897,0.13195876041506988,0.1865127958001116,0.3156949785520526,0.026776300244091198,0.010000000000000033
12.84,0.06258641044549859,0.4584614909046115,0.131957589085756,0.18651253033096651,0.3156932582571254,0.02677618901927125,0.010000000000000033
12.85,0.06258604342572738,0.45845970324701774,0.13195627891813963,0.18651228205258003,0.3156917660808887,0.02677616150345229,0.010000000000000033
12.86,0.06258532792797143,0.458458001745991,0.13195500655954603,0.18651199558521395,0.3156903111956746,0.026776123160379115,0.010000000000000033
12.870000000000001,0.06258484661143743,0.4584564528914164,0.13195376376696072,0.18651169651256044,0.31568880825904866,0.026776084133271094,0.010000000000000033
12.88,0.06258458575761675,0.4584550353940822,0.13195257418285025,0.18651141870585577,0.31568721509344094,0.026776041894222984,0.010000000000000033
12.89,0.06258841606660875,0.45845317912507344,0.1319512358501172,0.18651131858473208,0.31568553277008243,0.02677649583316429,0.010000000000000033
12.9,0.06258784134929606,0.4584513777782042,0.1319499643689065,0.18651126453602965,0.315683789855059,0.026776468706968072,0.010000000000000033
12.91,0.06258662355670674,0.458449604057494,0.13194873045815603,0.18651108496913085,0.3156823096037638,0.026776372496466895,0.010000000000000033
12.92,0.06258593119087731,0.458447847853228,0.13194749745523973,0.18651091279969378,0.3156808519614539,0.02677632905341866,0.010000000000000033
12.93,0.06258539069195078,0.4584462756007609,0.1319463586886283,0.18651081322396798,0.31567917330857875,0.02677629182567208,0.010000000000000033
12.94,0.06258870306209267,0.45844418057824093,0.13194505748937177,0.18651131258554618,0.31567741325131893,0.026776912256721755,0.010000000000000033
12.950000000000001,0.06258783183375491,0.45844223199484624,0.13194386051051782,0.18651142354318467,0.3156756237317014,0.026776867667229948,0.010000000000000033
12.96,0.06258636495752537,0.45844033597497297,0.13194272136376003,0.186511372161172,0.31567401961781016,0.026776736590930394,0.010000000000000033
12.97,0.06258508807759379,0.4584384360258398,0.1319415912555416,0.18651128614555765,0.3156725250300827,0.026776663315523093,0.010000000000000033
12.98,0.06258398221051198,0.45843663447767047,0.13194051448483302,0.1865112395937236,0.31567097744781536,0.02677661995643996,0.010000000000000033
12.99,0.06258304742054653,0.45843488441160946,0.13193947983215215,0.18651122528342204,0.3156693664181332,0.026776594071602156,0.010000000000000033
13.0,0.06258222759303582,0.45843312844355477,0.13193843648268508,0.18651121101502283,0.3156677776080493,0.026776670289472844,0.010000000000000033
13.01,0.06258142595587969,0.45843147075861573,0.1319374240964439,0.18651115173397317,0.31566625408706434,0.02677667361100034,0.010000000000000033
13.02,0.06258121093841983,0.4584298663677754,0.13193637882392528,0.18651106783551913,0.31566474526139376,0.026776776622469103,0.010000000000000033
13.030000000000001,0.06258091929781406,0.458428560406286,0.13193543326012766,0.1865109847575127,0.3156630721003691,0.02677674396617535,0.010000000000000033
13.040000000000001,0.0625812766142662,0.4584272024692585,0.13193447240842074,0.1865109068521718,0.31566143454640594,0.02677676982652717,0.010000000000000033
13.05,0.0625813711393573,0.45842568854619303,0.1319334508679399,0.1865108407480991,0.3156598739959356,0.02677707762422733,0.010000000000000033
13.06,0.06258131350976714,0.45842412830966267,0.13193242288157284,0.18651081810567838,0.3156583155337334,0.026777115195598857,0.010000000000000033
13.07,0.06258648232391022,0.4584220470030622,0.13193121757435397,0.18651156196164123,0.31565669729632834,0.02677794201429463,0.010000000000000033
13.08,0.06258590989800404,0.45842021581577164,0.1319301431793668,0.1865119175669458,0.3156549470920471,0.026777903550271223,0.010000000000000033
13.09,0.06258456393795417,0.45841844114841523,0.1319291246093821,0.18651193073160863,0.3156533526934566,0.026777773241852598,0.010000000000000033
13.1,0.06258327926898435,0.4584166511946515,0.1319281105854507,0.18651186543883552,0.31565197378853926,0.026777726026392574,0.010000000000000033
13.11,0.06258170440403772,0.458415419843953,0.13192729315315396,0.18651160539830525,0.3156506429562856,0.026777656311030917,0.010000000000000033
13.120000000000001,0.06258264969278156,0.45841406606192536,0.13192642431474175,0.18651152955619835,0.31564911551245195,0.026777868707652655,0.010000000000000033
13.13,0.06258214084338659,0.45841251406816436,0.13192554590401046,0.18651202722594074,0.31564739899882804,0.02677788527641848,0.010000000000000033
13.14,0.06258122627654092,0.4584106651673553,0.13192457012115508,0.18651211814486718,0.3156459668821423,0.02677826651301369,0.010000000000000033
13.15,0.06258014235421831,0.4584090658889518,0.13192364497538753,0.1865119971538321,0.31564466027823584,0.026778252173163136,0.010000000000000033
13.16,0.0625817515440595,0.4584075383211366,0.13192272656440102,0.1865121546334542,0.31564313647009123,0.02677831877706592,0.010000000000000033
13.17,0.0625807048469778,0.4584065963369035,0.1319220192614178,0.18651204720527,0.315641487236339,0.026778240633467246,0.010000000000000033
13.18,0.06258221359722936,0.4584051624996199,0.13192112743318415,0.18651209405654612,0.3156400120423508,0.02677879068851841,0.010000000000000033
13.19,0.06258167942058164,0.45840339358292004,0.1319201711709593,0.18651257120363868,0.31563852524867836,0.026778833703627776,0.010000000000000033
13.200000000000001,0.06258074554541097,0.4584015022031384,0.13191920310080343,0.18651286322838653,0.3156371210609684,0.026778980095904695,0.010000000000000033
13.21,0.06257974155129463,0.4583999140212334,0.13191832918772772,0.1865128502877138,0.3156357389163025,0.026778973139034816,0.010000000000000033
13.22,0.06257968101697194,0.45839848185574,0.1319174793313461,0.1865128349523288,0.31563427103022895,0.026779131387033993,0.010000000000000033
13.23,0.06258047239984316,0.458397142724966,0.13191666032353339,0.18651316276032767,0.31563265338205165,0.02677923367404356,0.010000000000000033
13.24,0.0625805349091149,0.4583957236577033,0.13191582059768575,0.18651341572814467,0.3156310923669774,0.026779546278096294,0.010000000000000033
13.25,0.06258596915849626,0.4583935928375477,0.13191473849344912,0.18651448864024117,0.3156295840422947,0.026780437020493375,0.010000000000000033
13.26,0.06258532068775839,0.45839175692362866,0.13191381323063697,0.18651503530179375,0.31562791150505887,0.026780365849918396,0.010000000000000033
13.27,0.0625839589334178,0.4583900447541023,0.13191298220514347,0.18651516919295955,0.31562634296962927,0.026780236583089354,0.010000000000000033
13.280000000000001,0.06258279500301216,0.45838821845395883,0.1319121354053019,0.1865152584892032,0.31562499721413406,0.026780358858576582,0.010000000000000033
13.290000000000001,0.062581747128569,0.45838644451655836,0.13191130187347494,0.18651560977687479,0.31562363511367164,0.026780436356945454,0.010000000000000033
13.3,0.06258087848304694,0.4583847695876771,0.1319105239955418,0.1865160586740096,0.3156221503577114,0.02678051484814968,0.010000000000000033
13.31,0.06258015504071757,0.45838310863786597,0.13190976007303723,0.1865163655612189,0.3156206508385115,0.026780698635626616,0.010000000000000033
13.32,0.06257950785005022,0.45838141448610165,0.1319089766305296,0.18651673727774232,0.3156192272049322,0.026780956604574153,0.010000000000000033
13.33,0.06257892823634383,0.4583797419783156,0.13190819172918672,0.18651715707507296,0.3156177962036244,0.02678098520428035,0.010000000000000033
13.34,0.06257840761413627,0.45837812761294167,0.13190743017833462,0.18651745585479493,0.3156163163688071,0.026781167857356084,0.010000000000000033
13.35,0.06257789339469906,0.4583766690599593,0.13190671190822542,0.18651757177502018,0.3156148850686619,0.026781239547237046,0.010000000000000033
13.36,0.06258208634287579,0.45837490600592734,0.1319058624347599,0.18651823692607458,0.31561344687717524,0.026782013384167594,0.010000000000000033
13.370000000000001,0.0625820208653507,0.4583733804003562,0.13190512150558953,0.18651894673112443,0.315611770349526,0.026781959948100172,0.010000000000000033
13.38,0.06258094232611426,0.45837210402999806,0.13190447385563459,0.18651900809651242,0.315610241887494,0.026781844093625613,0.010000000000000033
13.39,0.06258658741825976,0.458369974494634,0.1319035051842972,0.1865200039556782,0.3156088579716774,0.026783133884960713,0.010000000000000033
13.4,0.06258591557589746,0.4583682953881664,0.13190273311536205,0.18652068110030506,0.3156072058583761,0.026782952870616588,0.010000000000000033
13.41,0.06258452640186489,0.45836679809165715,0.13190206677562166,0.1865209065798074,0.3156056046092397,0.026782717849710605,0.010000000000000033
13.42,0.06258322836345527,0.4583651632545802,0.13190137157602363,0.18652092850538463,0.3156042920978978,0.02678279814266116,0.010000000000000033
13.43,0.06258164439394555,0.45836390173047836,0.1319007794923496,0.18652082669886313,0.31560311044725275,0.02678278213498246,0.010000000000000033
13.44,0.06258248105055025,0.4583625669977839,0.1319001429127299,0.18652119741306325,0.31560172165215594,0.026783147648142023,0.010000000000000033
13.450000000000001,0.06258190058678828,0.458361142595505,0.1318995272812847,0.18652204324275043,0.315600107534188,0.026783175005008462,0.010000000000000033
13.46,0.06258087185832303,0.4583595310574108,0.13189884052976186,0.18652218989655706,0.3155988190513853,0.026783499751894778,0.010000000000000033
13.47,0.06258304850867828,0.45835753442423505,0.13189798358935892,0.18652286667286558,0.31559761178641293,0.026784203826261784,0.010000000000000033
13.48,0.06258268499402034,0.4583559854508516,0.1318972889500276,0.18652384118224935,0.315595961359057,0.02678410446748767,0.010000000000000033
13.49,0.0625816391694084,0.45835466902389693,0.13189670786158733,0.18652399185836824,0.3155943983580663,0.026783982603469283,0.010000000000000033
13.5,0.06258569909117562,0.4583526038951412,0.13189582777288217,0.18652478215046997,0.31559314315818304,0.026785283768993643,0.010000000000000033
13.51,0.06258500738020045,0.45835090775754184,0.1318951161875262,0.18652556181645405,0.3155916096841848,0.026785120568965686,0.010000000000000033
13.52,0.06258374598931264,0.4583494359222654,0.13189452059941884,0.1865260489755184,0.31559003143020664,0.026784878846906685,0.010000000000000033
13.530000000000001,0.0625825634532471,0.45834783721913824,0.13189389031332954,0.18652614351520155,0.3155887206602852,0.02678500907281852,0.010000000000000033
13.540000000000001,0.06258109659869297,0.45834657108735744,0.13189334496375818,0.18652603428546324,0.31558759098082445,0.026784998483658774,0.010000000000000033
13.55,0.06258233883962594,0.4583452468003091,0.13189273867308746,0.18652651468039713,0.3155862837711948,0.026785455117654972,0.010000000000000033
13.56,0.06258180495266143,0.4583438664654367,0.1318921751286532,0.18652741114206933,0.3155847245096229,0.0267854725383387,0.010000000000000033
13.57,0.06258075522830654,0.4583423242777621,0.13189154711912596,0.1865275624078903,0.3155834794925902,0.026785714076988196,0.010000000000000033
13.58,0.06258529075197022,0.4583401998105027,0.13189067252194947,0.1865286341443759,0.31558227265403965,0.02678665771252349,0.010000000000000033
13.59,0.06258475114890316,0.45833859711661257,0.13189002324000335,0.18652970963125703,0.31558060405150545,0.02678651159603134,0.010000000000000033
13.6,0.06258357896399526,0.4583371393612736,0.13188946420253772,0.18653006512952638,0.315579013122278,0.02678636793349568,0.010000000000000033
13.61,0.06258241907670656,0.4583354701785822,0.1318888231475967,0.18653009724618566,0.31557782017846026,0.026786832153207353,0.010000000000000033
13.620000000000001,0.06258093743388629,0.4583342268231304,0.131888301511129,0.18653001254551546,0.3155767578805265,0.026786755900330594,0.010000000000000033
13.63,0.0625823717635837,0.4583329662390919,0.13188774032814446,0.1865305583408981,0.3155754509407218,0.026786847425971774,0.010000000000000033
13.64,0.06258189313662035,0.4583315896139113,0.13188720148058738,0.18653161078349198,0.315573919596674,0.02678697702668324,0.010000000000000033
13.65,0.06258092445181848,0.45832991863949013,0.1318865757092244,0.18653189817444263,0.3155726871873889,0.026787561383970065,0.010000000000000033
13.66,0.06257943541578107,0.4583288614433423,0.13188605976433465,0.1865317133624559,0.31557173070257977,0.026787438054717175,0.010000000000000033
13.67,0.0625811317958808,0.45832760936771205,0.1318854934304167,0.1865323434775428,0.3155704234360537,0.0267876291041404,0.010000000000000033
13.68,0.06258079679924926,0.45832616228173917,0.1318849301727352,0.1865334315829208,0.31556892439525247,0.026787802108256032,0.010000000000000033
13.69,0.06257994851970568,0.45832443720158744,0.13188425467379963,0.1865337177676848,0.3155677408472049,0.026788374404993435,0.010000000000000033
13.700000000000001,0.0625793512088997,0.4583229294687624,0.13188360880321814,0.18653372471522892,0.3155666885508037,0.026788391608490916,0.010000000000000033
13.71,0.06258329792769086,0.45832149216175083,0.13188296583590983,0.18653471564066482,0.31556531432136636,0.02678861540652364,0.010000000000000033
13.72,0.06258316618585785,0.4583203030057461,0.13188245572999316,0.18653544502277158,0.31556371932969846,0.026788615613326374,0.010000000000000033
13.73,0.06258694299148305,0.45831832118440363,0.1318816761413143,0.18653660941236144,0.315562370031192,0.026790032553597135,0.010000000000000033
13.74,0.06258606831335867,0.45831649056307294,0.1318809663732274,0.18653733988874516,0.31556102109840334,0.026789899057046193,0.010000000000000033
13.75,0.0625846327001375,0.4583148610083385,0.1318803759413303,0.186537821606816,0.3155596838528372,0.02678967960176283,0.010000000000000033
13.76,0.0625834361922597,0.4583132053088888,0.13187980662925014,0.18653834609073305,0.3155584292241552,0.026789885945848874,0.010000000000000033
13.77,0.06258237512971049,0.4583115320130577,0.1318792453577545,0.18653893010116462,0.31555723943062286,0.02678998360944945,0.010000000000000033
13.780000000000001,0.0625814802180039,0.45830990966302054,0.13187871333984377,0.1865395399587823,0.3155559941768335,0.026790232374672672,0.010000000000000033
13.790000000000001,0.06258072518185365,0.4583083319221529,0.13187819273245763,0.1865402132998251,0.315554713705599,0.026790351062490534,0.010000000000000033
13.8,0.0625800623015893,0.45830674616195743,0.13187766841891327,0.18654089110973046,0.31555344587557743,0.02679058685730638,0.010000000000000033
13.81,0.06257948462017038,0.4583051623407108,0.13187713102341025,0.18654150317291787,0.31555217642706773,0.026790754211438044,0.010000000000000033
13.82,0.06257896806035837,0.4583035909272084,0.13187659650701275,0.18654210069620145,0.31555091598027535,0.02679090600303545,0.010000000000000033
13.83,0.06257846974357,0.4583021256880555,0.1318760726413907,0.18654258243993846,0.3155496679016623,0.026791192993016782,0.010000000000000033
13.84,0.06257751189405836,0.4583012931122839,0.1318756894341087,0.1865424170668218,0.31554857507439477,0.02679110164952856,0.010000000000000033
13.85,0.06258089853358793,0.45830012108931917,0.13187520073421943,0.18654304298721794,0.3155473148084756,0.026791740620916757,0.010000000000000033
13.86,0.06258072774769272,0.4582987036982713,0.13187467865706215,0.18654414609762485,0.3155459042212543,0.026791774328821922,0.010000000000000033
13.870000000000001,0.0625798845634453,0.4582970560344321,0.1318740844145939,0.1865445391825285,0.3155447397255789,0.02679213609649675,0.010000000000000033
13.88,0.06257947173451064,0.4582955608884063,0.13187350192635577,0.18654472537853098,0.3155436976338681,0.02679218570459083,0.010000000000000033
13.89,0.06258053026483831,0.4582943383967616,0.13187298899145883,0.18654547425436968,0.3155424038739131,0.026792366714525073,0.010000000000000033
13.9,0.06258071293404509,0.4582931738495568,0.13187250028518957,0.1865462339488109,0.31554096763541534,0.026792504163825684,0.010000000000000033
13.91,0.06258620496201216,0.4582912638010056,0.13187177983979065,0.18654755451501936,0.3155396618217467,0.026793832421771788,0.010000000000000033
13.92,0.06258559654791905,0.4582895087484705,0.13187114553464094,0.1865484779723782,0.3155383040410667,0.026793714773977517,0.010000000000000033
13.93,0.062584250181691,0.45828790982216483,0.13187059268421755,0.18654901838567167,0.31553699762522425,0.026793544085362015,0.010000000000000033
13.94,0.06258312555805919,0.4582862592665424,0.13187005670327467,0.18654955756198743,0.3155358234091837,0.026793968104449745,0.010000000000000033
13.950000000000001,0.06258212866852741,0.4582846120492784,0.1318695321381142,0.1865501701601599,0.31553468710992494,0.02679401017866967,0.010000000000000033
13.96,0.06258129370961353,0.45828302247508096,0.13186904842638766,0.1865508721650236,0.3155334781823155,0.0267941624455093,0.010000000000000033
13.97,0.06258058750882031,0.4582814718635591,0.13186857440153646,0.186551642151553,0.31553223160930305,0.026794354531762727,0.010000000000000033
13.98,0.06257997036701528,0.4582799023422429,0.13186807996034886,0.18655235853120625,0.3155310135066683,0.026794607912588555,0.010000000000000033
13.99,0.06257943186446026,0.45827832976074084,0.1318675908107146,0.18655299910449122,0.31552980760377175,0.026794770773422016,0.010000000000000033
14.0,0.06257894986894233,0.4582768121389908,0.13186710609620683,0.18655367188222724,0.3155285959159371,0.026794940537278943,0.010000000000000033
14.01,0.0625784574202171,0.45827543984055774,0.13186665703579412,0.18655402859381504,0.315527415614816,0.026795028386404487,0.010000000000000033
14.02,0.06258302872678423,0.4582737825787785,0.13186607533870742,0.18655509387197383,0.315526204442683,0.026796038520392557,0.010000000000000033
14.030000000000001,0.06258294529803549,0.4582723536555787,0.13186558842679225,0.18655610943534118,0.3155247436748089,0.02679593884164635,0.010000000000000033
14.040000000000001,0.06258187181229329,0.45827114369899075,0.1318651888072765,0.18655632276026335,0.31552343924134196,0.026795786833718208,0.010000000000000033
14.05,0.06258707069637595,0.4582691450777175,0.13186449920205587,0.18655756826737854,0.3155223225009148,0.02679725965738482,0.010000000000000033
14.06,0.06258638807361808,0.4582675750120973,0.13186398219204268,0.1865586125794268,0.3155209129530557,0.026797064301509813,0.010000000000000033
14.07,0.06258504347454788,0.45826619099864835,0.13186358059036124,0.18655918722010345,0.31551951826887203,0.026796816563007295,0.010000000000000033
14.08,0.06258383681179855,0.4582646472243495,0.13186313823301984,0.18655962453172598,0.31551840930723507,0.02679711615554687,0.010000000000000033
14.09,0.06258250543975387,0.4582632999801557,0.1318627341783858,0.1865598058911603,0.31551740128765776,0.026797140140448792,0.010000000000000033
14.1,0.06258791528055556,0.45826146478734925,0.13186216234371406,0.18656167657339945,0.3155160886728462,0.02679816160277772,0.010000000000000033
14.11,0.06258728307222373,0.45826001906139363,0.13186174567693074,0.18656268891253613,0.31551450045168133,0.02679801676479229,0.010000000000000033
14.120000000000001,0.06258588646286342,0.4582585312185615,0.13186132981899384,0.18656303927417714,0.31551319974471853,0.02679790196972149,0.010000000000000033
14.13,0.06258456010724338,0.4582569266663322,0.13186087623550422,0.18656341505169605,0.3155122115795665,0.02679830551956062,0.010000000000000033
14.14,0.06258303917728762,0.45825575960606085,0.13186053972726014,0.18656343563574423,0.3155112297467164,0.02679826073784738,0.010000000000000033
14.15,0.06258404539038229,0.4582545133630968,0.13186014699574256,0.186564371736634,0.3155100459681206,0.02679858278291915,0.010000000000000033
14.16,0.06258337907253796,0.45825323323195744,0.13185978731709255,0.18656532946090434,0.31550871960421606,0.026798600481275532,0.010000000000000033
14.17,0.06258186564967809,0.4582522248628591,0.1318594592611133,0.18656519130979163,0.31550781286110174,0.026798587049257888,0.010000000000000033
14.18,0.06258274742630145,0.45825088318600843,0.13185899348598695,0.1865658422041738,0.31550681294948013,0.026799616460782757,0.010000000000000033
14.19,0.06258226933211634,0.45824945739138484,0.13185856228352766,0.18656716251319472,0.3155055183662494,0.02679956636996551,0.010000000000000033
14.200000000000001,0.06258144890015359,0.458247852971626,0.13185806859369098,0.18656779623665012,0.31550440687760856,0.02679954021646613,0.010000000000000033
14.21,0.06258027240907893,0.4582466579608784,0.13185764224566027,0.18656772762086726,0.3155035119854868,0.02679965036974765,0.010000000000000033
14.22,0.06258265037912235,0.4582454069605199,0.1318571932257318,0.1865685747554196,0.31550241100033743,0.026800325424695005,0.010000000000000033
14.23,0.06258233537470585,0.45824408047746396,0.13185678398552225,0.18656980140016874,0.31550107039713515,0.02680031924868062,0.010000000000000033
14.24,0.06258145667546379,0.4582424885074028,0.1318562847362933,0.18657030702144603,0.3155000008309795,0.02680063748831198,0.010000000000000033
14.25,0.06258006405056762,0.4582415053860779,0.1318559140921176,0.18657011158029377,0.315499186776554,0.026800570377210425,0.010000000000000033
14.26,0.06258215057237107,0.4582403278623256,0.13185549062352997,0.1865711213961163,0.315498057164235,0.026801078208161307,0.010000000000000033
14.27,0.06258185488861442,0.45823894357583456,0.13185505608949985,0.18657239048642818,0.315496737710345,0.026801133490383974,0.010000000000000033
14.280000000000001,0.06258101264368347,0.45823729287359893,0.13185453622271043,0.1865728723559089,0.3154957143405891,0.026801734310252557,0.010000000000000033
14.290000000000001,0.06258051006340447,0.4582358430497469,0.13185403653816136,0.18657306945381016,0.3154948236079574,0.026801741310120888,0.010000000000000033
14.3,0.06258122127862464,0.4582347731106072,0.13185363805707145,0.18657381644872462,0.31549367220432095,0.02680170787500743,0.010000000000000033
14.31,0.06258224082326135,0.4582338495173398,0.13185329738054175,0.18657449553059258,0.3154923656317278,0.02680207313044795,0.010000000000000033
14.32,0.0625826543543276,0.4582327908533065,0.1318528970291275,0.18657484452328585,0.3154912265851932,0.0268023440308383,0.010000000000000033
14.33,0.06258528850477252,0.4582313898100332,0.13185237323651577,0.18657578940631891,0.3154901552208115,0.02680300269664332,0.010000000000000033
14.34,0.06258426401646561,0.45823007130694454,0.13185192503075321,0.1865764884493248,0.3154890508392042,0.026802954682648535,0.010000000000000033
14.35,0.06258857090740488,0.458227875142217,0.13185117592062384,0.18657827972226043,0.3154879927677789,0.026804194823762482,0.010000000000000033
14.36,0.06258771998278549,0.45822615347107376,0.13185064096770882,0.18657933279334685,0.3154867129486273,0.026804031575808712,0.010000000000000033
14.370000000000001,0.06258627189902513,0.4582246072468563,0.13185022203074678,0.18657996544718652,0.31548549216993554,0.026803851445435987,0.010000000000000033
14.38,0.06258502295836722,0.45822295823360465,0.1318497834840949,0.18658055226450335,0.31548447184904815,0.026804359377132412,0.010000000000000033
14.39,0.06258390939392885,0.4582213298554787,0.13184936401307587,0.18658132855892848,0.31548345672733275,0.02680438548609295,0.010000000000000033
14.4,0.0625829836203297,0.45821980737793006,0.13184899645375586,0.18658218380217415,0.31548231057373277,0.026804444731461163,0.010000000000000033
14.41,0.06258221022204102,0.45821830254719104,0.13184862532893196,0.1865830170860397,0.3154811646745205,0.026804758188606264,0.010000000000000033
14.42,0.06258152881745507,0.4582167579781355,0.1318482162160439,0.18658376377204805,0.31548006722486166,0.026804888131724353,0.010000000000000033
14.43,0.06258092963843484,0.45821522345380805,0.1318478137132496,0.18658456296963463,0.3154789788188337,0.026805196911388645,0.010000000000000033
14.44,0.06258042115487188,0.45821372151558515,0.13184742193035404,0.18658539470665267,0.31547784640790244,0.02680523764920782,0.010000000000000033
14.450000000000001,0.06257998011775463,0.45821223803470146,0.13184701857345624,0.18658621436147402,0.3154766944624316,0.026805714244953045,0.010000000000000033
14.46,0.06257958439029901,0.4582107660582439,0.1318466010729567,0.1865870170965493,0.31547557253757536,0.026805763967511134,0.010000000000000033
14.47,0.06257916339499041,0.45820942007733423,0.13184622262566228,0.18658749828611057,0.3154744788154282,0.02680590243738043,0.010000000000000033
14.48,0.0625833392571401,0.45820789377295923,0.13184574648722377,0.18658852696679848,0.31547335770460566,0.026806714733074128,0.010000000000000033
14.49,0.06258337320852057,0.45820657701858086,0.131845352717366,0.1865896099115605,0.31547199868093906,0.026806641276065777,0.010000000000000033
14.5,0.06258223208683036,0.45820561383815084,0.13184507167890896,0.18658966131389018,0.3154708430555709,0.02680651518784331,0.010000000000000033
14.51,0.06258413583568595,0.4582042625879442,0.1318446226016836,0.18659031456789757,0.3154698874791482,0.02680753923679494,0.010000000000000033
14.52,0.06258352117177071,0.45820291308177685,0.13184422883590596,0.18659136851222816,0.31546872406277493,0.02680745941884796,0.010000000000000033
14.530000000000001,0.06258214531145924,0.4582019127822883,0.13184395036420127,0.1865913753704215,0.3154677321758799,0.026807289245074122,0.010000000000000033
14.540000000000001,0.06258369481609023,0.45820063536536004,0.13184355448627527,0.1865922238127776,0.3154667423630699,0.026808063593034892,0.010000000000000033
14.55,0.06258321713136285,0.45819923961444475,0.13184317052726557,0.18659354173825463,0.31546552167108116,0.026808049526686195,0.010000000000000033
14.56,0.06258237325079595,0.45819764841813726,0.13184272878318584,0.18659433056934563,0.31546445168930165,0.026808244670093,0.010000000000000033
14.57,0.06258137024740716,0.4581962611980074,0.13184233471823403,0.18659444966573102,0.31546353121854454,0.026808290026882276,0.010000000000000033
14.58,0.06258247687312177,0.45819497674140347,0.13184194386226747,0.18659533117183116,0.3154624930317693,0.026808851790786972,0.010000000000000033
14.59,0.0625862851566653,0.458193471092511,0.1318414733318944,0.18659703011293405,0.31546114365408123,0.026808983278800103,0.010000000000000033
14.6,0.06258584377944221,0.4581919934618231,0.13184104623612328,0.1865980755916846,0.31545979221115755,0.026809221529735656,0.010000000000000033
14.61,0.06258457528614655,0.4581904920125252,0.13184062429681906,0.18659836348477707,0.31545877728581306,0.026809454913888777,0.010000000000000033
14.620000000000001,0.06258395769739117,0.4581889850673338,0.13184017042058382,0.18659879655465464,0.31545794773089536,0.026809753951971646,0.010000000000000033
14.63,0.06258315669443908,0.45818800115026875,0.1318398905677567,0.18659925294383278,0.3154568933609877,0.026809681390936316,0.010000000000000033
14.64,0.06258503373904219,0.45818684918978037,0.1318395539938314,0.18660031718085898,0.31545572570137825,0.026810202705752482,0.010000000000000033
14.65,0.06258438572758857,0.4581854337784118,0.13183916483544605,0.18660126181352552,0.3154546243786836,0.026810257089314466,0.010000000000000033
14.66,0.06258297243393683,0.4581840850556294,0.131838775223605,0.18660130217461574,0.31545381696788194,0.02681042198999344,0.010000000000000033
14.67,0.06258413882133708,0.4581826618248217,0.13183833372362103,0.18660220788637336,0.31545293170847016,0.02681108802744591,0.010000000000000033
14.68,0.06258348468493756,0.45818142622135344,0.13183800816366598,0.18660346150966262,0.3154517073434435,0.026811014419231092,0.010000000000000033
14.69,0.06258305273902424,0.4581800534371198,0.1318376263945003,0.1866038932995935,0.31545071213462206,0.026811357904842816,0.010000000000000033
14.700000000000001,0.0625823878378129,0.4581789682622758,0.13183729634851504,0.18660397716065982,0.31544977401037216,0.026811340658866957,0.010000000000000033
14.71,0.06258438909548233,0.45817776042278513,0.13183693098959595,0.18660517699763607,0.31544867548973027,0.02681186154640579,0.010000000000000033
14.72,0.06258387561240804,0.4581763489295473,0.13183655216734277,0.18660640082966654,0.3154475143032039,0.026811902048528378,0.010000000000000033
14.73,0.06258278781413665,0.45817480203155125,0.13183612045965498,0.18660686237515758,0.31544659753993687,0.026812384641178025,0.010000000000000033
14.74,0.06258565353031066,0.45817297081748043,0.13183554397457747,0.1866081807718058,0.3154456741821806,0.026812951882654302,0.010000000000000033
14.75,0.06258524406787833,0.45817155053883124,0.13183515217543898,0.18660952788228705,0.3154443273043976,0.026812855012455044,0.010000000000000033
14.76,0.06258413628823092,0.45817032765204496,0.13183484809571097,0.186609935881584,0.3154431186199251,0.026812791082361294,0.010000000000000033
14.77,0.06258700381725148,0.4581684853617024,0.13183428452766138,0.18661107335204946,0.3154422111463197,0.026814278462506464,0.010000000000000033
14.780000000000001,0.0625863786165289,0.45816696219935704,0.13183386337963543,0.18661229669457516,0.3154410211696612,0.02681410278011862,0.010000000000000033
14.790000000000001,0.0625851888690854,0.4581657162909334,0.1318335908925182,0.18661301532858662,0.315439772406895,0.026813824213639943,0.010000000000000033
14.8,0.06258358273287609,0.4581648296556321,0.13183339274663033,0.18661284498475075,0.31543894954103224,0.026813784969252387,0.010000000000000033
14.81,0.06258442361512613,0.45816360985992444,0.13183305998517214,0.18661367915540175,0.31543805116299795,0.02681473518213608,0.010000000000000033
14.82,0.06258390373280237,0.45816227390948694,0.13183274189647406,0.18661508425462747,0.31543685390741283,0.026814688637554082,0.010000000000000033
14.83,0.06258312642674017,0.45816068691396433,0.1318323535112144,0.18661592190682094,0.3154358192287708,0.026814846499012522,0.010000000000000033
14.84,0.0625823080091474,0.4581590946871037,0.1318319419901063,0.1866165884697572,0.31543488688096394,0.02681517406707765,0.010000000000000033
14.85,0.06258118601117649,0.4581582039645299,0.13183171485979417,0.18661654969219577,0.3154339541278233,0.02681506485480854,0.010000000000000033
14.86,0.0625841806368462,0.45815711652906443,0.13183139995322413,0.18661758703605172,0.31543286548179894,0.026815541724615734,0.010000000000000033
14.870000000000001,0.06258389254969304,0.45815576927198626,0.1318310561791277,0.18661886899888996,0.31543168753267614,0.026815607695804256,0.010000000000000033
14.88,0.06258301428810857,0.4581541571924053,0.13183063356701089,0.18661966828868617,0.315430745562481,0.02681623007944849,0.010000000000000033
14.89,0.0625818831686287,0.45815295099599995,0.13183029268540852,0.18661968593363298,0.31542991196152653,0.026816135150281733,0.010000000000000033
14.9,0.06258462947556301,0.4581517254893298,0.13182992791841136,0.18662074816477736,0.3154288881293111,0.026816434102530158,0.010000000000000033
14.91,0.0625842716216128,0.4581504478006926,0.1318296052207959,0.18662210695234394,0.315427652228422,0.026816467671528663,0.010000000000000033
14.92,0.06258323957112222,0.45814905944165935,0.13182923604265342,0.18662241907315347,0.31542669432379933,0.026816998432524528,0.010000000000000033
14.93,0.06258858904825318,0.45814703496947107,0.13182859960945956,0.18662406244954569,0.31542580001834564,0.026817848998685438,0.010000000000000033
14.94,0.06258805094102031,0.45814555726580625,0.13182821456988777,0.18662547595998452,0.31542444877212533,0.02681768805791651,0.010000000000000033
14.950000000000001,0.06258684155048029,0.4581442320505737,0.13182792916940078,0.18662623194408054,0.3154231894967614,0.02681756550230387,0.010000000000000033
14.96,0.06258578549506201,0.4581426475752144,0.1318275580326675,0.1866267860773222,0.3154222731812005,0.026818297302965765,0.010000000000000033
14.97,0.06258481805925135,0.4581410573212501,0.13182718302479773,0.18662767530287705,0.3154213769629994,0.026818310979758984,0.010000000000000033
14.98,0.06258404076220499,0.458139625552391,0.13182686156763962,0.1866286628312116,0.31542031164951806,0.026818252620527134,0.010000000000000033
14.99,0.06258341011605786,0.45813822292495715,0.13182655837568208,0.18662960501070763,0.31541918969568206,0.026818636636761775,0.010000000000000033
15.0,0.062582837779439,0.4581367377968765,0.13182622367551736,0.18663039496180103,0.3154181586068328,0.026818720112370752,0.010000000000000033
15.01,0.06258232877419011,0.4581352474428244,0.13182587451623523,0.1866312780572947,0.31541714203714816,0.02681917048803987,0.010000000000000033
15.02,0.06258189679872998,0.4581338215408928,0.13182552781857404,0.18663214814001888,0.3154160684728882,0.026819203747472573,0.010000000000000033
15.030000000000001,0.06258151355016414,0.45813243435603523,0.13182519312214155,0.18663297324953707,0.3154149854414917,0.026819446509590127,0.010000000000000033
15.040000000000001,0.06258101036722732,0.4581312813749947,0.13182490098725053,0.186633110054492,0.31541399498305767,0.0268194716765073,0.010000000000000033
15.05,0.06258259572405847,0.45813022029733247,0.13182458945755093,0.18663379011127412,0.3154130254308719,0.026819921958642315,0.010000000000000033
15.06,0.06258378342501551,0.4581292467469529,0.13182430193074401,0.18663472160997482,0.31541189099878103,0.02681996181947157,0.010000000000000033
15.07,0.06258449762826426,0.45812823630017646,0.13182400522127122,0.18663555264145293,0.3154107422621043,0.026820379734477505,0.010000000000000033
15.08,0.06258456373313863,0.4581270695422135,0.13182365286458128,0.18663616672088595,0.3154097258270518,0.02682051596499888,0.010000000000000033
15.09,0.06258453067876049,0.45812583813891417,0.1318232723782942,0.18663695551154919,0.31540875006944097,0.0268209846911923,0.010000000000000033
15.1,0.06258448551349592,0.458124638390952,0.13182290950219597,0.18663772387725158,0.3154077366498894,0.026821024227795795,0.010000000000000033
15.11,0.0625844300985652,0.4581234222768592,0.13182255222796352,0.18663852164284908,0.3154067230706726,0.026821521154747383,0.010000000000000033
15.120000000000001,0.06258435977116314,0.4581221791828624,0.1318221653232032,0.18663925688881014,0.31540574164093726,0.026821567009446573,0.010000000000000033
15.13,0.0625842639592621,0.4581209149332035,0.13182177606602538,0.18664005305259218,0.31540477493936814,0.02682200502027546,0.010000000000000033
15.14,0.06258416071827277,0.45811965983142855,0.13182139294866516,0.1866408135084642,0.3154037903107804,0.02682206367286556,0.010000000000000033
15.15,0.0625840443345951,0.4581183977438359,0.1318210136039288,0.18664161588715658,0.31540278870585625,0.026822577325783147,0.010000000000000033
15.16,0.0625839141574613,0.4581171291175187,0.13182063865841764,0.18664235723544811,0.31540181335364165,0.026822624276751958,0.010000000000000033
15.17,0.06258989393772625,0.4581152393909192,0.13182003225145994,0.18664422904135367,0.3154007627550259,0.026823839174532408,0.010000000000000033
15.18,0.06258926515882662,0.4581136660520798,0.13181960443059573,0.18664535455061082,0.3153995536542779,0.026823709656816484,0.010000000000000033
15.19,0.0625878793786754,0.45811216560937146,0.13181924743453818,0.18664597208879335,0.31539849985036683,0.02682356723210026,0.010000000000000033
15.200000000000001,0.06258670785902586,0.4581105621380553,0.1318188721820182,0.18664674291334893,0.3153976329642311,0.026824166687951897,0.010000000000000033
15.21,0.06258567109398624,0.4581090002911231,0.13181852932683502,0.1866476757211804,0.3153967327442336,0.02682416964057596,0.010000000000000033
15.22,0.0625848243986017,0.45810753724725484,0.13181823186985525,0.18664864601865258,0.31539571550586243,0.026824142191130596,0.010000000000000033
15.23,0.06258411728192148,0.4581060939387626,0.1318179331440347,0.18664952492039394,0.31539468229879114,0.0268246538234117,0.010000000000000033
15.24,0.06258350484892183,0.45810460695474353,0.13181761618255114,0.18665036407139268,0.31539367590382733,0.026824709553681523,0.010000000000000033
15.25,0.06258297129151902,0.45810312398170244,0.1318172895269261,0.18665127534425366,0.3153926579403698,0.026824968705870127,0.010000000000000033
15.26,0.06258252117810251,0.45810169885758634,0.1318169598088973,0.18665222356030356,0.31539160269709315,0.026825126226896142,0.010000000000000033
15.27,0.06258214412083253,0.45810028581694623,0.13181662385130746,0.18665310012951952,0.31539055748295813,0.02682543136683095,0.010000000000000033
15.280000000000001,0.06258181796468978,0.4580988689854515,0.1318162810784111,0.1866539475935406,0.3153895135083105,0.026825579494421894,0.010000000000000033
15.290000000000001,0.06258152342489604,0.458097449186167,0.13181594594449367,0.18665485593553907,0.31538848087373483,0.02682589728118184,0.010000000000000033
15.3,0.06258126160884167,0.4580960770452199,0.1318156126093239,0.1866557096050191,0.3153874583802779,0.02682594054946287,0.010000000000000033
15.31,0.06258093896108936,0.45809486952675094,0.13181531378520076,0.18665609638727024,0.315386464834174,0.026826157446763338,0.010000000000000033
15.32,0.06258872348985241,0.4580932061287085,0.13181480482468239,0.1866577604439739,0.31538541776102824,0.026827219642391428,0.010000000000000033
15.33,0.06258855061976053,0.45809186895751525,0.13181446946498987,0.18665903362503755,0.31538404368507705,0.026827087248369512,0.010000000000000033
15.34,0.0625873967503852,0.45809060516882855,0.13181419154418456,0.18665969892442497,0.315382853255008,0.02682695412368432,0.010000000000000033
15.35,0.06258621515612162,0.4580892768009281,0.13181388058921972,0.1866599677470947,0.31538200919011306,0.02682744022581693,0.010000000000000033
15.36,0.0625892362876155,0.4580875642134087,0.131813405043814,0.18666140593532252,0.31538112353395015,0.026827919889438383,0.010000000000000033
15.370000000000001,0.06258871029881613,0.45808625169212847,0.1318131130733863,0.18666278785393522,0.3153797993772357,0.02682783421066892,0.010000000000000033
15.38,0.06258756866019213,0.4580850483868481,0.13181288671173072,0.18666339105179883,0.315378627363802,0.026827788475250434,0.010000000000000033
15.39,0.06258600292429194,0.45808409265981037,0.1318126815487038,0.18666323423198444,0.3153779381807033,0.026828059703712246,0.010000000000000033
15.4,0.06258696005889358,0.45808291377891286,0.13181237639234095,0.18666414408300047,0.3153771251700905,0.026828639014614172,0.010000000000000033
15.41,0.06258646011432366,0.4580816707765197,0.1318121240505175,0.18666558152044704,0.3153759601365976,0.026828612092728583,0.010000000000000033
15.42,0.06258569877600746,0.45808015541038694,0.13181179753855365,0.18666655253378214,0.31537496794801956,0.026829026546450783,0.010000000000000033
15.43,0.06258490906347634,0.45807856633568095,0.131811420228036,0.18666723360775653,0.3153741358715571,0.026829094269167075,0.010000000000000033
15.44,0.0625838997581145,0.45816306213336977,0.13200814785081247,0.18706732897418568,0.31513759621988985,0.026777173014044114,0.010000000000000033
15.450000000000001,0.06306953967798092,0.45813983548451326,0.13196081341798632,0.18699419784375645,0.3153483835299064,0.026825082362187,0.010000000000000033
15.46,0.0629972125153919,0.45811713303573376,0.13190986237430263,0.18688205218528872,0.31573812297101717,0.026823685825752716,0.010000000000000033
15.47,0.06293218259317683,0.45825450338973245,0.13196344087379075,0.18682042072304414,0.3157374032630937,0.02679863892950372,0.010000000000000033
15.48,0.06289497558048587,0.45839007855263053,0.13206353469183935,0.18679973902561636,0.31567999042694717,0.026774035741816585,0.010000000000000033
15.49,0.0628620135674415,0.4583948671102331,0.13205817056073263,0.18678975625516508,0.3156693042433478,0.026769800573930014,0.010000000000000033
15.5,0.06282436155754212,0.4583697930764818,0.13204062871306646,0.18678126740231457,0.3157126050869306,0.026791959427897832,0.010000000000000033
15.51,0.0627913563690442,0.4583575907376452,0.13203156290892054,0.1867766103001021,0.3157198595257973,0.026789589893338687,0.010000000000000033
15.52,0.06276883371892698,0.45836292417302554,0.13203258464998743,0.1867752364670292,0.31570920804127445,0.026782202522022163,0.010000000000000033
15.530000000000001,0.06275075890867152,0.4583627852602858,0.13203231419800585,0.1867739355136846,0.3157035547823192,0.02677831201450168,0.010000000000000033
15.540000000000001,0.06273370626489877,0.4583583912899229,0.1320304986640736,0.18677175512926303,0.3157044585034927,0.026776651234636118,0.010000000000000033
15.55,0.06271891307068787,0.4583562128281567,0.1320291169320071,0.18676956115802665,0.3157034723286063,0.02677531546012815,0.010000000000000033
15.56,0.0627070139110357,0.45835631818640493,0.1320285014831758,0.18676756658236446,0.31570038605764417,0.026773866823536593,0.010000000000000033
15.57,0.06269684274124498,0.4583558775194172,0.13202783011252694,0.18676538635834317,0.3156979269163474,0.0267726038313832,0.010000000000000033
15.58,0.06268768794881552,0.4583550033762597,0.1320269160491348,0.18676292392953017,0.3156962700751331,0.026771567338599426,0.010000000000000033
15.59,0.06268029168510951,0.45835452109549957,0.13202596064759764,0.18676040068789276,0.315694273941324,0.026770626806860372,0.010000000000000033
15.6,0.0626739139675122,0.4583547259076458,0.1320251232564122,0.18675790818769764,0.3156918446531508,0.026769692642131644,0.010000000000000033
15.610000000000001,0.062669514691693,0.45835406003395845,0.13202397340678562,0.18675549797240615,0.3156896264548732,0.02676896066042496,0.010000000000000033
15.620000000000001,0.06266474700768539,0.4583534260004321,0.13202277029335743,0.1867530185268231,0.3156876680987572,0.026768280411266332,0.010000000000000033
15.63,0.0626598739170978,0.4583529140547198,0.13202151261247874,0.18675030031680365,0.3156861735081379,0.02676764308834214,0.010000000000000033
15.64,0.06265627867447325,0.4583520714268147,0.13202000376642095,0.18674746842100345,0.31568495083777354,0.026767130086271674,0.010000000000000033
15.65,0.0626527008832345,0.45835148456076397,0.13201852518558624,0.18674465677251467,0.31568361226084163,0.026766630812508397,0.010000000000000033
15.66,0.06264925311204242,0.45835100242007837,0.132016996791345,0.18674167119125257,0.315682561011703,0.02676617742155084,0.010000000000000033
15.67,0.06264637223004975,0.4583502711206076,0.1320153006950132,0.18673860155968391,0.31568182892178054,0.026765824085642074,0.010000000000000033
15.68,0.06264370469549001,0.4583495611206715,0.13201354729330797,0.18673556292449225,0.31568110043841735,0.02676552457412157,0.010000000000000033
15.69,0.06264057855480779,0.4583492784888808,0.13201187857546165,0.18673234049638962,0.31568050291514366,0.026765192116430983,0.010000000000000033
15.700000000000001,0.0626383238111294,0.4583484742625048,0.13201003370022957,0.18672927350842028,0.31567999578784756,0.026764984476176583,0.010000000000000033
15.71,0.06263568857081828,0.4583474256257256,0.1320081418591725,0.18672637663325264,0.3156794179707231,0.026764815273444195,0.010000000000000033
15.72,0.06263272065508108,0.45834669990575766,0.13200631535718116,0.18672335676318644,0.31567898183410725,0.02676462975902083,0.010000000000000033
15.73,0.06263092972636984,0.45834592011613373,0.13200445268509572,0.18672047231553873,0.3156784050511387,0.026764484416264882,0.010000000000000033
15.74,0.06262884665602156,0.45834547770712836,0.13200278190240836,0.1867177602072282,0.3156773801652476,0.026764286330878236,0.010000000000000033
15.75,0.06262814387179752,0.45834422077604214,0.1320008653467769,0.18671525264843294,0.31567634620292545,0.026764228647049523,0.010000000000000033
15.76,0.06262672130874902,0.4583433337572717,0.13199913994204576,0.18671285319852415,0.31567504277780606,0.026764111685117522,0.010000000000000033
15.77,0.062624807345891,0.4583428499992844,0.13199757546388496,0.18671037661418133,0.31567372811708616,0.026763920501270137,0.010000000000000033
15.780000000000001,0.06262426566918888,0.4583418546519755,0.13199585501105196,0.18670800000637178,0.3156724870293547,0.026763840299436882,0.010000000000000033
15.790000000000001,0.06262320178339278,0.45834128612772795,0.13199433266712232,0.18670574594528638,0.31567083178920446,0.02676370408159472,0.010000000000000033
15.8,0.06262169530404321,0.4583409147437918,0.13199293271213522,0.18670343831680378,0.31566926345371027,0.026763520996115845,0.010000000000000033
15.81,0.06261977514788505,0.4583411200460512,0.1319916048438791,0.1867007424115567,0.3156681744504724,0.026763302152341156,0.010000000000000033
15.82,0.06261903551557921,0.45834085578582856,0.13199017109922181,0.18669826307702517,0.31566695952124735,0.026763183230269553,0.010000000000000033
15.83,0.06261804527183962,0.45834040225547035,0.13198877097785128,0.18669600072377832,0.31566546009173135,0.026763082408666546,0.010000000000000033
15.84,0.0626166320004826,0.4583398525453284,0.13198733304811575,0.18669362697079975,0.31566435131091625,0.02676300983682899,0.010000000000000033
15.85,0.06261565195663388,0.4583393860413222,0.13198584168208527,0.1866911696606441,0.31566346626433767,0.026762980482167964,0.010000000000000033
15.860000000000001,0.06261779948110681,0.45833875967982285,0.13198428926957426,0.18668893514536394,0.31566224270179666,0.026763206874619135,0.010000000000000033
15.870000000000001,0.06261716490946871,0.45833825350390606,0.1319828394092084,0.18668681432264325,0.3156608298667929,0.026763168046695658,0.010000000000000033
15.88,0.06261633555530569,0.458337167143096,0.1319812127084182,0.18668461607895565,0.31565986155238523,0.02676352555037788,0.010000000000000033
15.89,0.06261508844536862,0.45833624603841533,0.1319796427430577,0.18668242743891114,0.3156589435764856,0.02676352036522813,0.010000000000000033
15.9,0.06261420590464295,0.4583354416078452,0.13197810615479785,0.1866802874181466,0.3156579190923934,0.026763477541734255,0.010000000000000033
15.91,0.06261306969148296,0.4583348334360098,0.13197668984968763,0.18667818083544396,0.3156567728975719,0.026763438456153303,0.010000000000000033
15.92,0.06261258119270759,0.458333794175493,0.1319751582763844,0.1866761466666329,0.31565569183699105,0.026763969213004835,0.010000000000000033
15.93,0.06261154267289841,0.45833296632214465,0.1319737348121554,0.18667418131027572,0.31565448229021514,0.026763943746374082,0.010000000000000033
15.94,0.062609866687426,0.4583326504462961,0.13197248418602642,0.18667201309309045,0.3156533778339927,0.026763783395166735,0.010000000000000033
15.950000000000001,0.0626092293897337,0.4583321029092305,0.1319711453021922,0.18666993373547458,0.31565232007997973,0.026763780469350622,0.010000000000000033
15.96,0.06260815850964845,0.4583316317743067,0.13196991195231525,0.18666798635199808,0.31565099552854636,0.02676374973176111,0.010000000000000033
15.97,0.06260761303254875,0.45833083491801246,0.13196858006759313,0.1866660898409112,0.31564978663081567,0.026764242970449624,0.010000000000000033
15.98,0.06260684955945116,0.4583302588684543,0.13196732778880163,0.1866642558430515,0.31564845127241364,0.02676421893435497,0.010000000000000033
15.99,0.06260696803010811,0.45832946299390576,0.1319660142591225,0.18666252658236263,0.3156470237352658,0.026764217635264917,0.010000000000000033
16.0,0.06260632848444854,0.45832877881764533,0.1319647953821252,0.1866608549457491,0.3156454952677798,0.026764210635314,0.010000000000000033
16.01,0.06260496015461856,0.4583284583079137,0.13196368852518395,0.18665894758587068,0.3156442744221889,0.026764177063205493,0.010000000000000033
16.02,0.06260457164464063,0.4583278891875865,0.13196246258703007,0.18665708694069866,0.3156431656354532,0.02676472376722114,0.010000000000000033
16.03,0.06260371040600392,0.458327401033756,0.13196133379107225,0.1866553463072157,0.31564181625336935,0.02676469886266458,0.010000000000000033
16.04,0.06260317899744264,0.45832666245971676,0.13196011498126176,0.18665360485452206,0.31564065198186597,0.026764721315649116,0.010000000000000033
16.05,0.06260248218436901,0.4583261350826583,0.13195895516104278,0.18665188332168764,0.31563945969412993,0.026764724898092795,0.010000000000000033
16.06,0.06260624050253667,0.4583249939500523,0.13195761421462132,0.18665041656656212,0.31563807842464336,0.02676585827854614,0.010000000000000033
16.07,0.06260563189496929,0.4583241238176689,0.13195640887601315,0.18664895549342245,0.31563663288458116,0.026765807830031425,0.010000000000000033
16.080000000000002,0.06260406148201234,0.45832327038009407,0.13195523032868853,0.18664737900300807,0.31563546261350134,0.02676564200253314,0.010000000000000033
16.09,0.06260232944742938,0.4583228141273719,0.1319541544669978,0.18664558256791727,0.3156345309969446,0.026765562914527412,0.010000000000000033
16.1,0.0626017116177521,0.45832227042326973,0.13195305362635268,0.18664390461289926,0.31563342625508084,0.02676593270991189,0.010000000000000033
16.11,0.06260073260901165,0.45832175755651516,0.1319520417874555,0.18664237217321508,0.3156320574911066,0.02676591424854973,0.010000000000000033
16.12,0.06259998261615554,0.45832097289938467,0.13195092777531792,0.18664079259965555,0.3156309807653303,0.026766165334919042,0.010000000000000033
16.13,0.0625990900175608,0.4583205001462001,0.13194988974559482,0.18663918660601905,0.31562986374350643,0.026766166969479113,0.010000000000000033
16.14,0.06259881748501817,0.4583199711943071,0.13194883189889378,0.18663770979596786,0.31562855073972335,0.026766478946010825,0.010000000000000033
16.15,0.06259774953211963,0.45831969662449523,0.13194789159929954,0.1866361439074611,0.31562730715050696,0.02676644823269559,0.010000000000000033
16.16,0.0625974702340992,0.4583190248409509,0.13194679670232534,0.18663465708212118,0.3156262361361454,0.02676712235529823,0.010000000000000033
16.17,0.06259670877372159,0.45831829463570195,0.13194572965306725,0.18663331225458596,0.3156249785164133,0.026767143126551065,0.010000000000000033
16.18,0.06259548880743808,0.4583178692063943,0.131944756438439,0.18663180396196516,0.31562388778005457,0.02676707221420613,0.010000000000000033
16.19,0.06259598834835911,0.45831727001926975,0.13194369920713708,0.18663038396826045,0.3156227757325106,0.026767663911137777,0.010000000000000033
16.2,0.06259540045150323,0.45831664555129803,0.13194272077012117,0.18662913623982402,0.31562136076522607,0.02676767150275011,0.010000000000000033
16.21,0.06259426721907163,0.4583161525731123,0.13194178627540004,0.18662771999831804,0.31562025599497934,0.026767617954845793,0.010000000000000033
16.22,0.062594985020503,0.4583154481398318,0.1319407337934468,0.1866263701818443,0.3156192215360569,0.026768350993002014,0.010000000000000033
16.23,0.06259440621524015,0.4583148189098621,0.13193977599193107,0.18662517689079125,0.3156178432785441,0.02676835217130481,0.010000000000000033
16.240000000000002,0.06259318771980914,0.4583145075253667,0.1319389049404358,0.18662374981027102,0.31561676045396303,0.026768259989121468,0.010000000000000033
16.25,0.06259360735529283,0.4583138676648766,0.13193789524944444,0.1866224486636156,0.31561571349371276,0.026768983958015313,0.010000000000000033
16.26,0.06259305908916411,0.45831314307138515,0.13193693790404518,0.18662135013229147,0.31561437550984045,0.026769003029562994,0.010000000000000033
16.27,0.06259213227049625,0.458312311837239,0.13193595811854827,0.18662019545369612,0.31561323514890466,0.02676896801226345,0.010000000000000033
16.28,0.06259522678735861,0.4583109301848462,0.1319347901349997,0.18661916230428624,0.3156121835581269,0.02677024759428157,0.010000000000000033
16.29,0.06259486434966625,0.4583100702450091,0.1319338155772586,0.1866182392917907,0.3156106860007241,0.026770190638937163,0.010000000000000033
16.3,0.06259371101139252,0.4583094180287187,0.13193295510581507,0.18661721769833603,0.3156093190966578,0.02677000354494484,0.010000000000000033
16.31,0.062593167165676,0.4583084709128688,0.13193197554270214,0.18661611025192734,0.3156082973446405,0.02677030413777818,0.010000000000000033
16.32,0.06259249168696948,0.45830784672651187,0.13193111260116086,0.18661503445787683,0.31560706582849657,0.026770308926884007,0.010000000000000033
16.330000000000002,0.06259636993492598,0.4583067615405678,0.13193012543859856,0.1866141804977443,0.3156055989420692,0.026771136912565777,0.010000000000000033
16.34,0.06259583783767718,0.4583058417783911,0.13192923542034296,0.1866133404617435,0.3156041060702896,0.026771122617611855,0.010000000000000033
16.35,0.06259438392474695,0.4583049400341556,0.13192836506988628,0.18661238971782443,0.31560289747356823,0.02677103709618126,0.010000000000000033
16.36,0.0625927984147506,0.4583044485834255,0.13192759339543617,0.18661121665400168,0.31560192813196397,0.026771009543841647,0.010000000000000033
16.37,0.06259234946660158,0.4583038291243592,0.13192678352015896,0.18661014703195908,0.3156007909318938,0.026771689555844094,0.010000000000000033
16.38,0.0625915868666896,0.45830318173353773,0.13192602933533765,0.18660925034771783,0.3155993866945679,0.026771691495599728,0.010000000000000033
16.39,0.06259038855951474,0.45830256100160127,0.13192526969876206,0.18660819192675265,0.3155983341909565,0.026771643513188937,0.010000000000000033
16.4,0.06259050365477312,0.45830172898376514,0.131924378121088,0.1866072153694223,0.3155973306695452,0.02677248451671679,0.010000000000000033
16.41,0.06258985410042171,0.4583011159708001,0.13192362291184795,0.1866063678310344,0.3155959691220189,0.02677245973170547,0.010000000000000033
16.42,0.06258975720273048,0.4583001544021865,0.13192275008037183,0.18660554489641976,0.31559477904792554,0.02677251152155985,0.010000000000000033
16.43,0.0625893505314422,0.4582993182858577,0.13192191032885703,0.18660475106404867,0.3155935599602436,0.026772799391013256,0.010000000000000033
16.44,0.06258914993759826,0.4582984925968614,0.13192107264641156,0.18660395978890826,0.31559231125469916,0.026773086416458848,0.010000000000000033
16.45,0.0625887208071123,0.4582977771494516,0.13192028098291725,0.18660315404047198,0.3155910489151185,0.026773117953589044,0.010000000000000033
16.46,0.06259280814744904,0.4582964655144597,0.13191931745027746,0.18660249337378643,0.31558979727811093,0.02677433968257554,0.010000000000000033
16.47,0.06259236992195763,0.45829544320917975,0.13191847096434886,0.1866018777311329,0.3155883903462129,0.026774258116971948,0.010000000000000033
16.48,0.0625910366215557,0.45829455916092654,0.13191769800033043,0.18660117149540326,0.31558714134443616,0.026774109191431337,0.010000000000000033
16.490000000000002,0.06258959933367872,0.45829395504790854,0.1319169867567503,0.18660023429837147,0.31558616507886955,0.02677408962009387,0.010000000000000033
16.5,0.06258924617442306,0.458293214779134,0.1319162188811524,0.18659940544156933,0.31558509501162396,0.02677485877483399,0.010000000000000033
16.51,0.0625885228626599,0.4582925435654587,0.13191553770019257,0.18659870523690716,0.3155837520276344,0.02677484348488753,0.010000000000000033
16.52,0.06258789938906736,0.4582917525097458,0.13191480263905722,0.18659792766789932,0.3155826747679852,0.02677485436665978,0.010000000000000033
16.53,0.06258766778688507,0.45829092845000796,0.13191402001376273,0.18659720307647207,0.31558160228777987,0.026775384735436277,0.010000000000000033
16.54,0.06259050786055316,0.45828988486420935,0.13191319842518498,0.1865966781803639,0.31558022954685655,0.026775584900881454,0.010000000000000033
16.55,0.06259014950598281,0.4582889331845154,0.131912436463524,0.18659619976061284,0.3155787866336078,0.026775607832621708,0.010000000000000033
16.56,0.06258892042736218,0.4582880208976306,0.13191169522885182,0.18659557489337533,0.31557768180708096,0.026776037034692564,0.010000000000000033
16.57,0.06258960468743881,0.45828663889609106,0.13191078144553833,0.18659501865143666,0.31557670630242585,0.02677673727165689,0.010000000000000033
16.580000000000002,0.06258905168036555,0.45828571450935973,0.1319100574311958,0.18659455522485918,0.3155753047830981,0.026776656811929714,0.010000000000000033
16.59,0.06258799367599338,0.45828502357106143,0.131909446569019,0.18659399612107355,0.31557400963023774,0.026776563753868377,0.010000000000000033
16.6,0.0625887202120429,0.45828375131901744,0.13190861494854786,0.18659344746688838,0.3155729986256184,0.026777702893330712,0.010000000000000033
16.61,0.06258821603042103,0.45828280096154445,0.13190791024936477,0.18659298848810119,0.31557168632022886,0.026777607805366865,0.010000000000000033
16.62,0.0625871591096437,0.45828221309305645,0.13190734596911421,0.18659242016696947,0.3155704215108058,0.026777410552841177,0.010000000000000033
16.63,0.06259166512038214,0.4582807072709507,0.13190647857133533,0.18659203558273255,0.31556926651433903,0.02677870547693737,0.010000000000000033
16.64,0.06259099232745849,0.45827970218269765,0.13190577663040695,0.186591696218694,0.3155678430178708,0.026778558786524454,0.010000000000000033
16.65,0.06258955768832015,0.4582788555186599,0.13190517409182176,0.1865912523135194,0.31556653968938747,0.026778363258423452,0.010000000000000033
16.66,0.06258811575411699,0.4582780411972593,0.13190456968345549,0.18659067627266276,0.3155655190535878,0.02677843304152,0.010000000000000033
16.67,0.06259131452734851,0.4582766074993659,0.13190376489154218,0.18659032057955927,0.31556439379149737,0.026779660482977637,0.010000000000000033
16.68,0.06259060955859251,0.45827568668261703,0.13190314927912702,0.1865900506531409,0.3155628752251758,0.02677950812712719,0.010000000000000033
16.69,0.06258923570568177,0.4582748180568508,0.13190257209223838,0.18658967280521588,0.31556158380144633,0.02677934495128394,0.010000000000000033
16.7,0.06258780653221145,0.4582739318511339,0.13190196525745568,0.18658913790101067,0.3155606280299849,0.026779478579312666,0.010000000000000033
16.71,0.06259060465701563,0.45827252252179085,0.1319011852096769,0.18658882265371537,0.315559555813429,0.026780613490035583,0.010000000000000033
16.72,0.06258996213857543,0.4582716130460294,0.13190059201131324,0.18658859616534015,0.31555803123717097,0.02678046438941466,0.010000000000000033
16.73,0.06258866478460635,0.4582707288837405,0.1319000443446474,0.18658828205483613,0.3155567625809788,0.026780310209863444,0.010000000000000033
16.740000000000002,0.06258727804559679,0.45826982477962597,0.13189945131636407,0.18658779566957978,0.3155558378128936,0.026780551437212016,0.010000000000000033
16.75,0.06259045389358103,0.4582684003398535,0.13189867651946344,0.18658751988705327,0.3155547537757213,0.02678148391651262,0.010000000000000033
16.76,0.06258982558640626,0.45826750497541663,0.13189810303235988,0.18658735402949983,0.31555322616274845,0.02678135705011207,0.010000000000000033
16.77,0.06258851803839037,0.4582666342236584,0.13189756358600851,0.1865870730658317,0.31555194633521283,0.02678123356172626,0.010000000000000033
16.78,0.06258712845977213,0.4582657143304597,0.13189698546463602,0.18658664494703556,0.3155510457678464,0.02678146102952749,0.010000000000000033
16.79,0.0625903652252084,0.4582642695875429,0.13189622715436253,0.1865864309303724,0.3155499925424179,0.026782492974775626,0.010000000000000033
16.8,0.06258972691211105,0.4582633637269986,0.13189566822214718,0.18658630443951635,0.31554847403508113,0.026782353199200436,0.010000000000000033
16.81,0.06258842011374434,0.4582624862309676,0.1318951414029666,0.18658606633541883,0.31554720909735556,0.026782214023718675,0.010000000000000033
16.82,0.06258704010277998,0.45826155604695307,0.13189457416152062,0.1865856803625865,0.31554631198238087,0.026782418597830166,0.010000000000000033
16.830000000000002,0.06259000441489278,0.45826011502501834,0.13189382944079023,0.18658549844959335,0.31554527275368116,0.026783376780775973,0.010000000000000033
16.84,0.06258938885785731,0.4582591817883587,0.13189328066373,0.18658540287860548,0.31554377117635374,0.026783263103055382,0.010000000000000033
16.85,0.06258810966055374,0.45825827902489624,0.13189276218729928,0.1865852055866119,0.31554251720995863,0.026783134025377756,0.010000000000000033
16.86,0.06258673972357941,0.45825733564081,0.1318922141547323,0.18658485839356012,0.3155416278163465,0.026783470088279863,0.010000000000000033
16.87,0.06258995401813894,0.45825587934494155,0.13189147279679636,0.1865847265894313,0.3155406174051011,0.026784205051848406,0.010000000000000033
16.88,0.06258933039023831,0.4582549389829576,0.1318909273337122,0.18658468833693606,0.3155391397715655,0.026784106453751684,0.010000000000000033
16.89,0.06258804388890009,0.45825404711129536,0.13189042471496576,0.18658454354261686,0.31553790416676986,0.026784022083134802,0.010000000000000033
16.9,0.06258667044219914,0.4582530669569624,0.13188988060410506,0.1865842409178093,0.3155370502491527,0.026784442753524134,0.010000000000000033
16.91,0.06258970872147081,0.4582516017729916,0.13188915577152108,0.1865841447636968,0.31553605308888016,0.026785144152670748,0.010000000000000033
16.92,0.06258909738549949,0.45825067837997613,0.13188862556469458,0.18658416183953874,0.3155345816815907,0.026785045076995244,0.010000000000000033
16.93,0.06258783088473029,0.4582497856860543,0.13188812517231316,0.1865840595868551,0.3155333511749513,0.026784960349336154,0.010000000000000033
16.94,0.06258647580829238,0.4582488238943531,0.13188759173673853,0.1865837779436043,0.31553249734430494,0.026785370115637124,0.010000000000000033
16.95,0.06258980566331651,0.4582473236864769,0.13188687763837384,0.18658371420070058,0.3155315027362234,0.026786107080503455,0.010000000000000033
16.96,0.06258917647728011,0.4582463700187941,0.13188635857574482,0.18658384159650523,0.31553003502899174,0.026786001097604577,0.010000000000000033
16.97,0.06258788342146081,0.4582454550969077,0.13188588036681068,0.18658377862599576,0.31552880755134843,0.02678591033909534,0.010000000000000033
16.98,0.06258652188174293,0.4582444708548524,0.13188535627953651,0.1865835484486532,0.3155279560561484,0.02678632144817034,0.010000000000000033
16.990000000000002,0.06258934684004973,0.45824301635113424,0.1318846526203283,0.1865835379255156,0.31552698830633724,0.02678701559067868,0.010000000000000033
17.0,0.06258875660459076,0.45824205495827025,0.13188415111766547,0.1865838065302914,0.31552556132779386,0.026786928952184395,0.010000000000000033
17.01,0.06258751820390962,0.45824114425858975,0.13188369245326964,0.18658377781728555,0.3155243349202289,0.026786847019557223,0.010000000000000033
17.02,0.06258616628534722,0.4582402057576824,0.13188318736670665,0.18658353990899892,0.31552351042019716,0.026787310452484975,0.010000000000000033
17.03,0.062590210083499,0.45823866950797953,0.13188248481171055,0.18658371574623067,0.31552251972839007,0.02678796754444351,0.010000000000000033
17.04,0.062589532163064,0.4582377009873453,0.13188199376000148,0.18658400810259487,0.3155210750161134,0.026787864571132334,0.010000000000000033
17.05,0.06258817462724953,0.4582367788551982,0.13188153143956963,0.18658397869155097,0.3155198767562987,0.026787795453266035,0.010000000000000033
17.06,0.06258675588976796,0.45823576924582415,0.1318810304009822,0.18658376184214323,0.315519050351725,0.026788291522808108,0.010000000000000033
17.07,0.06258958941506887,0.4582342876579314,0.1318803504789987,0.18658383919082358,0.3155180979728297,0.02678889978920015,0.010000000000000033
17.080000000000002,0.06258894039715686,0.4582333261205395,0.13187987011868565,0.18658421307800307,0.315516666896608,0.026788807285941157,0.010000000000000033
17.09,0.06258768187641822,0.45823237620655954,0.13187942979642173,0.18658422183777149,0.3155154652757079,0.026788741898269016,0.010000000000000033
17.1,0.06258633244345702,0.45823135886681937,0.13187893741867823,0.186584027775295,0.31551463770559607,0.0267893164245648,0.010000000000000033
17.11,0.06258921741059041,0.45822988421471345,0.131878274231583,0.18658422897300617,0.3155137046475731,0.02678974917402359,0.010000000000000033
17.12,0.06258862610257063,0.4582289225693673,0.13187779827253507,0.18658471178844535,0.3155122919944223,0.026789678994412962,0.010000000000000033
17.13,0.06258739605848856,0.4582279960932047,0.13187737007719524,0.18658474377973958,0.3155110888920327,0.02678965101047887,0.010000000000000033
17.14,0.06258605604067383,0.45822701965086854,0.13187689504258046,0.18658455127935097,0.3155102883347995,0.02679016814544964,0.010000000000000033
17.150000000000002,0.06259018749812623,0.45822544790633474,0.1318762050907779,0.18658504263963419,0.3155093219913682,0.02679093332858115,0.010000000000000033
17.16,0.06258951016713302,0.4582244512063557,0.13187573633064428,0.18658539151563763,0.31550791459284816,0.026790808081511016,0.010000000000000033
17.17,0.06258814979931404,0.4582235120124684,0.13187531110926265,0.18658539467330817,0.31550674360132613,0.02679071849291783,0.010000000000000033
17.18,0.06258674426780075,0.4582224854891882,0.13187484628663612,0.18658523652071746,0.31550593684085365,0.02679119300049615,0.010000000000000033
17.19,0.06258927026015988,0.4582210027134485,0.1318742004270068,0.1865856415883484,0.3155050064194149,0.026791811854886452,0.010000000000000033
17.2,0.06258865284077536,0.4582200097007148,0.13187374761975462,0.1865861968828075,0.31550361376389535,0.026791718844271995,0.010000000000000033
17.21,0.06258742615117162,0.45821905630475707,0.13187334278145899,0.18658625448050833,0.3155024291395849,0.026791654305090205,0.010000000000000033
17.22,0.06258608106480745,0.4582181000544758,0.13187288943783368,0.1865860879706062,0.31550162596280473,0.026792140054298134,0.010000000000000033
17.23,0.06259027990592986,0.45821652667737256,0.13187222679402613,0.18658669565105818,0.3155006657623291,0.026792871417443666,0.010000000000000033
17.240000000000002,0.06258960016732808,0.4582155257602092,0.13187177461346705,0.1865872688469076,0.3154992703671699,0.026792752845438226,0.010000000000000033
17.25,0.06258824205591448,0.4582145632689782,0.13187137301904003,0.1865873222198001,0.3154981145955923,0.026792667465334707,0.010000000000000033
17.26,0.06258683324854851,0.45821351264809324,0.1318709188286386,0.18658717752587195,0.31549733375635536,0.026793218069325195,0.010000000000000033
17.27,0.06258905156857018,0.45821204006706034,0.131870308436018,0.18658763697999217,0.315496429245871,0.02679364365631436,0.010000000000000033
17.28,0.06258846193420957,0.4582110533031406,0.1318698764614945,0.1865882973040933,0.3154950571056244,0.026793577464288027,0.010000000000000033
17.29,0.06258727595359223,0.4582101033263998,0.13186947448163788,0.18658836534886003,0.31549390585240855,0.026793564939417237,0.010000000000000033
17.3,0.06258588700320007,0.4582091746424704,0.1318690446226093,0.18658817781359585,0.3154931620898002,0.026794037800846434,0.010000000000000033
17.31,0.06258545328471907,0.45820825498391154,0.13186858127601667,0.18658810459000813,0.3154923028046932,0.026794122706305355,0.010000000000000033
17.32,0.0625848581602344,0.4582077712756371,0.13186827327982337,0.18658805998284242,0.3154911358335936,0.026794098121857114,0.010000000000000033
17.330000000000002,0.06258639446490631,0.45820691457767493,0.13186781772870354,0.18658834764489654,0.3154900811636944,0.026794995842883137,0.010000000000000033
17.34,0.06258567716415556,0.4582058838296689,0.13186732409558924,0.18658850464974724,0.315489141658419,0.026795013387680318,0.010000000000000033
17.35,0.0625871071546956,0.4582043628051697,0.13186664535802353,0.18658913077774722,0.31548829844800214,0.026795689495273507,0.010000000000000033
17.36,0.06258666555259365,0.45820324527636047,0.13186612346501003,0.18658981652517292,0.31548713840301684,0.02679565410627862,0.010000000000000033
17.37,0.06258556208377289,0.45820239248390154,0.131865718113533,0.18658988337577112,0.31548604803856434,0.026795586137748795,0.010000000000000033
17.38,0.06258883018993817,0.4582007981370349,0.1318650328812001,0.18659040306671332,0.3154851832091281,0.02679704144131003,0.010000000000000033
17.39,0.06258817702779841,0.45819961248809554,0.13186451576911193,0.18659100098507234,0.3154840164935665,0.026796882443721307,0.010000000000000033
17.400000000000002,0.0625869370599987,0.4581986335260685,0.1318641175581766,0.1865912026670742,0.31548287252227086,0.02679666143622832,0.010000000000000033
17.41,0.06258565486413765,0.4581976782380085,0.13186371983735162,0.1865911562509348,0.31548200362325685,0.026796853315970447,0.010000000000000033
17.42,0.06258945327180793,0.45819611525073567,0.13186309299620214,0.18659200804851453,0.3154810902295834,0.026797944963552832,0.010000000000000033
17.43,0.0625887835419325,0.4581950536845632,0.1318626644218549,0.1865927666866916,0.31547974795297806,0.0267977959658138,0.010000000000000033
17.44,0.0625874967073156,0.4581940760313809,0.1318622923421584,0.1865928809008595,0.31547858597562795,0.02679765012316681,0.010000000000000033
17.45,0.06258620257418387,0.4581929709524023,0.1318618748291469,0.1865928531950631,0.31547774658624544,0.02679801282251979,0.010000000000000033
17.46,0.06258558141078015,0.458191940315773,0.1318614482328578,0.18659286259796615,0.3154769132626234,0.02679813109487325,0.010000000000000033
17.47,0.0625849698646478,0.458191386643239,0.1318611591178811,0.18659300361394346,0.31547582928053514,0.026798110680890285,0.010000000000000033
17.48,0.06258630838326633,0.45819056672667,0.13186077046072556,0.18659357955039188,0.3154747278377146,0.026798862130835446,0.010000000000000033
17.490000000000002,0.06258539935274572,0.4581896864825587,0.13186037048308455,0.18659366489286325,0.31547378003441545,0.02679884577883987,0.010000000000000033
17.5,0.06258488158018151,0.45818869491264635,0.1318598866468606,0.18659367980956812,0.3154729995709258,0.026799185133527456,0.010000000000000033
17.51,0.06258470325474713,0.4581878444971527,0.13185944457896442,0.18659419924156737,0.31547202148837644,0.026799229852986686,0.010000000000000033
17.52,0.06258455619479086,0.4581870128325042,0.13185902964697127,0.18659464071107057,0.31547095696283717,0.026799620791855362,0.010000000000000033
17.53,0.06258927317857978,0.45818540771550803,0.1318583513193255,0.1865957525868305,0.3154699710714208,0.02680057013853835,0.010000000000000033
17.54,0.06258862519853527,0.4581840733515225,0.1318577971328311,0.1865964428838425,0.3154688745276692,0.02680050782058133,0.010000000000000033
17.55,0.06258728399693964,0.4581828752776635,0.1318573242268027,0.1865966656982349,0.31546786079096817,0.026800430839854304,0.010000000000000033
17.56,0.06258611054662017,0.45818161941097957,0.13185685620120732,0.186596989622047,0.31546698315966737,0.02680093667026733,0.010000000000000033
17.57,0.06258494081658224,0.4581805074587495,0.13185642621927873,0.18659717786397162,0.315466123331797,0.026800963773136365,0.010000000000000033
17.580000000000002,0.06258451162926024,0.45817951523959427,0.13185602494613188,0.18659747413318248,0.3154652092982668,0.026801114248560777,0.010000000000000033
17.59,0.0625840438645781,0.45817884755056176,0.13185571738149235,0.18659763032757054,0.3154641620594269,0.026801126353561064,0.010000000000000033
17.6,0.06258531092248873,0.45817793948967966,0.13185530796672792,0.18659825376935804,0.3154631283471209,0.026801969548933182,0.010000000000000033
17.61,0.06258401800293278,0.45817740069012364,0.1318550013393357,0.186598173340084,0.3154622679216356,0.02680180438788553,0.010000000000000033
17.62,0.0625848774830857,0.4581764712253911,0.1318545507993156,0.1865985786119001,0.31546141846102316,0.02680228314530418,0.010000000000000033
17.63,0.06258433395373142,0.4581753081593912,0.13185408665101542,0.18659939869175607,0.3154604246346413,0.02680235418733446,0.010000000000000033
17.64,0.06258346821762371,0.45817395674947314,0.13185357330996608,0.1865999323749864,0.3154595455927662,0.02680293600921766,0.010000000000000033
17.650000000000002,0.06258247291774906,0.4581729403325583,0.13185311396068292,0.18659996435772927,0.31545877741019024,0.02680292191035975,0.010000000000000033
17.66,0.06258318738657424,0.4581720276558509,0.131852669956581,0.18660040267950273,0.3154578987486562,0.02680314905736891,0.010000000000000033
17.67,0.06258860350510345,0.45817070443517344,0.13185212487223646,0.1866018949476079,0.31545668438101365,0.026803929655076036,0.010000000000000033
17.68,0.0625881256632483,0.45816950072052764,0.13185165617967318,0.18660269241522853,0.3154554371145942,0.026803894213514087,0.010000000000000033
17.69,0.06258680489047852,0.4581682157934688,0.1318511890576712,0.18660283197167138,0.3154545009629324,0.02680405175286309,0.010000000000000033
17.7,0.0625855177898306,0.4581669841955616,0.13185073321575339,0.18660298753949747,0.3154537339301519,0.026804342772957675,0.010000000000000033
17.71,0.06258384340646485,0.45816655315276167,0.1318504953070961,0.18660282572623058,0.31545301665194075,0.0268042199104201,0.010000000000000033
17.72,0.06258492401760359,0.45816579152582815,0.13185015376510492,0.18660346353948312,0.31545206064578873,0.026804836358456662,0.010000000000000033
17.73,0.06258443032556614,0.45816469313165914,0.13184975115618763,0.1866044080156916,0.3154510152828245,0.026804885318471763,0.010000000000000033
17.740000000000002,0.06258353933146665,0.4581633038135337,0.1318492530916398,0.18660481770026777,0.3154501944082735,0.026805485659702016,0.010000000000000033
17.75,0.06258245110958432,0.4581623632917646,0.13184883961012084,0.18660482694163497,0.31544945088747034,0.026805418752251155,0.010000000000000033
17.76,0.06258498152945735,0.4581614118523738,0.1318484123515601,0.18660552781040535,0.3154485281631454,0.02680576375352113,0.010000000000000033
17.77,0.06258449038929996,0.4581605351171613,0.1318480635978826,0.18660627373335836,0.31544740981030994,0.026805774101358922,0.010000000000000033
17.78,0.06258658619505662,0.45815906901527986,0.13184749254202724,0.18660701943619792,0.31544653252466376,0.026806981631164215,0.010000000000000033
17.79,0.0625861259012731,0.45815783475013505,0.13184700298330748,0.18660787377764193,0.31544551281708094,0.026806890669975523,0.010000000000000033
17.8,0.06258491151463816,0.45815695628167125,0.1318466638215945,0.186608018138632,0.315444490799631,0.026806697568979007,0.010000000000000033
17.81,0.06259034866354332,0.4581552394385952,0.13184604432099095,0.1866094344188105,0.3154435023542928,0.026808217366750126,0.010000000000000033
17.82,0.06258963693036965,0.4581540127506377,0.13184561599272956,0.18661030257539937,0.3154422757185876,0.026808013178355763,0.010000000000000033
17.830000000000002,0.06258820766924755,0.4581529149314047,0.13184526671249855,0.1866107205430204,0.3154411813414427,0.026807773914346293,0.010000000000000033
17.84,0.06258696965436755,0.45815163580092544,0.13184488101754493,0.1866111285179825,0.31544030194307576,0.026808163670697733,0.010000000000000033
17.85,0.0625858003699723,0.45815042989652405,0.1318445204847031,0.18661160045462813,0.3154394267094764,0.02680820243917563,0.010000000000000033
17.86,0.06258449409544269,0.45814967401700946,0.13184427498926443,0.1866116436371176,0.31543856269458387,0.026808163019657067,0.010000000000000033
17.87,0.06258606548227684,0.4581487371017414,0.13184393161659924,0.1866123042510474,0.31543763884365716,0.026808977802344612,0.010000000000000033
17.88,0.06258542620235798,0.4581477646032386,0.13184360942888132,0.1866131975057948,0.31543655941970855,0.026808938661228732,0.010000000000000033
17.89,0.06258470035508283,0.458146776359508,0.13184325240032477,0.18661331719624288,0.3154357110744815,0.0268089366029862,0.010000000000000033
17.900000000000002,0.06258450141578699,0.45814592279338373,0.13184288761698262,0.1866135790485996,0.31543487011935645,0.02680943189172272,0.010000000000000033
17.91,0.06258474830882617,0.4581452663338157,0.13184258410589678,0.18661418538840677,0.3154338240068532,0.02680944777217244,0.010000000000000033
17.92,0.06258512140357787,0.45814457818521775,0.1318422630241877,0.1866146084636163,0.3154328321435566,0.026809750374982847,0.010000000000000033
17.93,0.06258956570299729,0.4581433447253127,0.13184171829048982,0.18661577843070903,0.31543189235635094,0.02681066485677727,0.010000000000000033
17.94,0.06258895750792161,0.45814217329899537,0.13184125191602167,0.18661662933889506,0.31543084153316897,0.02681061132660196,0.010000000000000033
17.95,0.0625881170843649,0.4581409321635255,0.13184077648582662,0.18661706703901873,0.31542996358923014,0.026810712670146633,0.010000000000000033
17.96,0.06258702713620817,0.45813988258752836,0.13184036966852375,0.18661733383405488,0.3154291284185685,0.02681088306923848,0.010000000000000033
17.97,0.06259119038672743,0.4581381363314372,0.13183975582451868,0.18661921025236392,0.3154280889922538,0.026812136053040135,0.010000000000000033
17.98,0.06259034156927261,0.45813680395680223,0.13183930764171506,0.18662002936212255,0.31542692585726867,0.02681198761131218,0.010000000000000033
17.990000000000002,0.0625888583254076,0.4581355025049362,0.1318389068642094,0.18662038360969715,0.315425977291688,0.02681184131883258,0.010000000000000033
18.0,0.06258755448464544,0.458134132426557,0.13183851616241757,0.1866208912847649,0.3154251797105399,0.026812301611351178,0.010000000000000033
18.01,0.06258643731342743,0.4581328633009917,0.13183815824360823,0.1866215868958928,0.3154243055596444,0.02681234037347594,0.010000000000000033
18.02,0.0625855029634368,0.4581316494556895,0.13183782637822059,0.18662237593775347,0.3154233448477916,0.026812430825144992,0.010000000000000033
18.03,0.06258470494932297,0.45813038976990217,0.131837477133912,0.18662303379198297,0.31542239113770343,0.026812818448279565,0.010000000000000033
18.04,0.06258400408756672,0.4581291235675507,0.13183711317525695,0.18662371463645863,0.315421464388141,0.02681287271067388,0.010000000000000033
18.05,0.06258339463456533,0.45812788198216936,0.13183673567189727,0.18662441828523277,0.3154205348704634,0.026813260923374927,0.010000000000000033
18.06,0.06258286642177373,0.45812666408584407,0.13183636910860577,0.18662518270117348,0.3154195790261427,0.026813306001251567,0.010000000000000033
18.07,0.06258238151010516,0.4581255047218985,0.13183600746744445,0.1866257514778158,0.3154186339008927,0.026813612419825716,0.010000000000000033
18.080000000000002,0.06258169642898906,0.4581246847044507,0.13183572642625652,0.18662578466497493,0.31541776533097543,0.02681362144064542,0.010000000000000033
18.09,0.06258543358583804,0.4581237098784511,0.1318353499316677,0.18662653497950837,0.31541685019771015,0.026814355231734796,0.010000000000000033
18.1,0.06258509396139744,0.4581227933404976,0.1318350259421142,0.1866273932469877,0.31541576069483374,0.026814318738298752,0.010000000000000033
18.11,0.06258705092946466,0.45812143394616406,0.13183453248539576,0.18662826264955046,0.3154148420316779,0.026815014817683152,0.010000000000000033
18.12,0.06258668133101798,0.45812023361784876,0.13183411531872463,0.1866291758036398,0.31541378820374255,0.026814993444638526,0.010000000000000033
18.13,0.06258538924680418,0.4581194738158801,0.1318338473870844,0.18662926562562276,0.31541283511380275,0.026814885602647224,0.010000000000000033
18.14,0.06258675143015956,0.45811840130312753,0.13183344969872554,0.18662993570848269,0.31541200383935364,0.026815776856795395,0.010000000000000033
18.150000000000002,0.06258602410752953,0.45811733590333054,0.13183309328374973,0.1866308060733345,0.3154110146662346,0.026815732661820715,0.010000000000000033
18.16,0.06258523293943571,0.45811635670229006,0.13183274368165698,0.18663100692052514,0.3154101885313695,0.026815668028325204,0.010000000000000033
18.17,0.0625850078382383,0.45811552870027944,0.13183240909086538,0.18663135755149066,0.3154093695339243,0.026816141477353884,0.010000000000000033
18.18,0.06259049488510963,0.45811441742408354,0.13183198477821467,0.18663285615751432,0.3154082654954633,0.026816653375283456,0.010000000000000033
18.19,0.06259002314455248,0.45811332143721223,0.13183161382693348,0.18663389924625567,0.31540706135490276,0.026816638520001223,0.010000000000000033
18.2,0.06258794823800252,0.4581125874287466,0.1318313483106123,0.18663375103487287,0.31540634007887375,0.02681658636888455,0.010000000000000033
18.21,0.06258735936860506,0.45811144186816,0.13183092004010816,0.18663423198520446,0.31540568477237907,0.026817678638067173,0.010000000000000033
18.22,0.06258653161128087,0.4581102178213742,0.13183052454107902,0.18663548558545068,0.3154047469024265,0.026817621361216702,0.010000000000000033
18.23,0.06258562727343223,0.45810877904708,0.13183009869701798,0.18663630680433,0.31540387169246714,0.026817626736515495,0.010000000000000033
18.240000000000002,0.06258480841935171,0.45810731463808324,0.13182966215459282,0.186637065161586,0.31540306076960767,0.026818195726333496,0.010000000000000033
18.25,0.0625840991641015,0.45810602636869757,0.1318292642049116,0.18663788274862353,0.3154021607105718,0.026818218552924086,0.010000000000000033
18.26,0.0625834073752518,0.4581049093279742,0.13182892054243048,0.18663843078702574,0.3154012320566353,0.026818249022158073,0.010000000000000033
18.27,0.06258510892413593,0.45810371143678397,0.13182850336185478,0.18663918964383777,0.31540033430917325,0.026819024976869176,0.010000000000000033
18.28,0.06258501293484937,0.45810271842967615,0.13182816023177216,0.1866399885442977,0.31539926442642024,0.026818980127545567,0.010000000000000033
18.29,0.06258830166048693,0.4581013885430798,0.13182770575148173,0.18664113529744752,0.3153982206977741,0.026819472892696743,0.010000000000000033
18.3,0.06258786672653599,0.45810013106218905,0.13182730157729147,0.18664205144173607,0.31539711470920195,0.0268194963704134,0.010000000000000033
18.31,0.06258662335993251,0.4580990336218598,0.1318269650137448,0.18664234087275847,0.3153961722577004,0.02681955563924027,0.010000000000000033
18.32,0.06258947365140856,0.4580974313470936,0.1318264181588469,0.1866435442661462,0.3153953587006495,0.026820692114435014,0.010000000000000033
18.330000000000002,0.06258884073370652,0.4580961779607295,0.13182602953843756,0.18664468872966813,0.315394210860144,0.02682057466885334,0.010000000000000033
18.34,0.06258764168489582,0.4580950994507657,0.131825738382257,0.1866452315074273,0.3153931295506541,0.026820410244495687,0.010000000000000033
18.35,0.06258616448064121,0.4580942507369246,0.13182548681369502,0.1866451588452868,0.3153924131269663,0.026820541044086176,0.010000000000000033
18.36,0.0625870898384567,0.4580931869272463,0.13182514150280786,0.1866458649398529,0.3153916397931401,0.026821292304573332,0.010000000000000033
18.37,0.06258649743753734,0.4580921328122569,0.13182484830180322,0.186647109466588,0.3153905243352369,0.026821247060455897,0.010000000000000033
18.38,0.0625854822708771,0.4580910189886096,0.13182452790566768,0.18664753745035614,0.3153896377786556,0.02682126798886129,0.010000000000000033
18.39,0.06258974984700036,0.4580893087110952,0.13182394657743773,0.18664886561576324,0.3153888560023318,0.026822618441891603,0.010000000000000033
18.400000000000002,0.06258924216452186,0.4580880682746244,0.1318235758138437,0.18665011788438726,0.31538763841322837,0.026822449739157185,0.010000000000000033
18.41,0.06258809434808621,0.4580869693697673,0.13182329599591414,0.18665077396816668,0.31538650688604036,0.026822245442814918,0.010000000000000033
18.42,0.06258692412306571,0.4580857755519452,0.13182298117162292,0.18665105690562372,0.31538570853951475,0.02682266954610791,0.010000000000000033
18.43,0.06258656550660308,0.4580845418820282,0.13182260743542823,0.18665173908061947,0.3153849451455864,0.026822840933827682,0.010000000000000033
18.44,0.06258614961179211,0.4580836723459995,0.1318223499912957,0.18665253744016685,0.31538387625216574,0.026822822503895984,0.010000000000000033
18.45,0.0625920794157819,0.45808216485245584,0.13182188461230496,0.1866542807221286,0.3153827312144754,0.02682392958194068,0.010000000000000033
18.46,0.06259142734704976,0.45808082939435046,0.13182149813319138,0.18665515901127838,0.3153815984875131,0.02682385054413599,0.010000000000000033
18.47,0.06258998770318192,0.4580795260319882,0.1318211463177121,0.18665571689730975,0.31538065797124687,0.02682375933828709,0.010000000000000033
18.48,0.06258877414859401,0.45807817565534503,0.13182078168664357,0.1866563793126743,0.3153798490989952,0.026824220881118584,0.010000000000000033
18.490000000000002,0.06258773155138832,0.4580768684408404,0.13182044737166032,0.186657250549847,0.31537900587343715,0.0268242546880481,0.010000000000000033
18.5,0.06258686007103836,0.45807560357963806,0.1318201368145193,0.1866580518359617,0.31537808298380343,0.026824389071246756,0.010000000000000033
18.51,0.06258611520862975,0.45807433247316626,0.1318198206480285,0.1866588596835855,0.31537716025453044,0.02682463553822026,0.010000000000000033
18.52,0.06258546773899973,0.45807304617145844,0.1318194915667223,0.18665967631548655,0.31537623817194926,0.02682482319563488,0.010000000000000033
18.53,0.06258489366437626,0.45807178295980455,0.13181915683646717,0.18666042584958056,0.3153753062350233,0.026825054982435693,0.010000000000000033
18.54,0.0625843236269418,0.45807067350251424,0.13181885308938526,0.18666095925039464,0.3153743936213778,0.02682516365148307,0.010000000000000033
18.55,0.06258718893565332,0.458069426907294,0.13181845977985301,0.1866619038317338,0.31537348806693766,0.026825886362736074,0.010000000000000033
18.56,0.06258717742815348,0.45806837942407486,0.13181813684675595,0.18666287720126815,0.31537234311656975,0.02682584961051372,0.010000000000000033
18.57,0.06258587506745797,0.4580678942590985,0.13181798167150277,0.18666279140740275,0.31537146112855424,0.02682570904935583,0.010000000000000033
18.580000000000002,0.06258758835118484,0.4580669329943473,0.1318176569870758,0.18666350333995183,0.3153706460008513,0.0268265875771452,0.010000000000000033
18.59,0.06258713075922585,0.45806573150055285,0.13181729470904827,0.1866647598658146,0.31536970562282723,0.026826598227509435,0.010000000000000033
18.6,0.06258629214242387,0.45806434297844845,0.1318168819030813,0.18666555745538765,0.31536886705700706,0.026826749117624903,0.010000000000000033
18.61,0.06258538491752241,0.45806318950495994,0.13181652179985515,0.1866659172172182,0.3153680947367988,0.026826944633802283,0.010000000000000033
18.62,0.06259212436139401,0.45806152889120655,0.1318159387318548,0.18666776492040207,0.3153671176529258,0.026828071808675708,0.010000000000000033
18.63,0.06259167322983304,0.45806032761464643,0.13181557768913416,0.18666893204231594,0.3153658242772804,0.026827925033832873,0.010000000000000033
18.64,0.06259034460247835,0.458059153515608,0.13181528013446084,0.18666943697902885,0.31536478987408145,0.026827793834978093,0.010000000000000033
18.650000000000002,0.062589109000124,0.45805783111383175,0.13181493464511881,0.18666993782018482,0.31536403555597514,0.026828315710996375,0.010000000000000033
18.66,0.06258763391379892,0.4580569671773679,0.1318147150460116,0.1866699597409917,0.3153633299940589,0.026828236880089406,0.010000000000000033
18.67,0.06258920893566525,0.45814142106306405,0.13201101225337242,0.18707094565335353,0.31512674286894277,0.02677643936151326,0.010000000000000033
18.68,0.06307002406730684,0.45811837195692856,0.131963819156825,0.18699783841813594,0.3153372620447369,0.026823999126112642,0.010000000000000033
18.69,0.06299790071041689,0.45809579307036924,0.13191286569646504,0.1868855026089253,0.3157279134761152,0.02682268055349912,0.010000000000000033
18.7,0.06293281524824149,0.4582335384415135,0.13196640620362782,0.18682371261926636,0.31572737710479776,0.02679774022849778,0.010000000000000033
18.71,0.06289561195715994,0.4583695354297785,0.132066629112865,0.18680298826735478,0.31566992220224527,0.0267731288442382,0.010000000000000033
18.72,0.06286271871803786,0.45837446042125285,0.13206127665468126,0.1867929975492905,0.31565917054270937,0.02676888939444538,0.010000000000000033
18.73,0.06282510548182318,0.4583494988332721,0.13204370752840747,0.18678446455826067,0.3157026943406934,0.026791106757831307,0.010000000000000033
18.740000000000002,0.062792103851139,0.4583374221311424,0.13203458580517524,0.18677975461767266,0.3157100721577607,0.026788760249703246,0.010000000000000033
18.75,0.06276957685385219,0.4583431304982251,0.13203547736048263,0.18677832297158095,0.31569948610022225,0.02678137964977062,0.010000000000000033
18.76,0.06275151410813476,0.4583431676796456,0.1320351886242023,0.18677698586777303,0.3156938577448823,0.026777496852859895,0.010000000000000033
18.77,0.06273447527993599,0.4583389225526874,0.132033398316055,0.1867747915425979,0.3156948966708792,0.026775826441721218,0.010000000000000033
18.78,0.06271968535073019,0.4583368902810094,0.1320320148870623,0.18677256078982413,0.3156939852501186,0.026774492050843784,0.010000000000000033
18.79,0.06270778001818154,0.4583373136471616,0.13203137506255547,0.18677051098645592,0.3156909534973986,0.026773050934824374,0.010000000000000033
18.8,0.06269758589367307,0.45833699950841417,0.13203069340166707,0.18676829410717605,0.31568855267974383,0.026771782908725717,0.010000000000000033
18.81,0.06268842512080748,0.4583362612094776,0.1320297634044308,0.1867658060511402,0.31568696842166943,0.026770748134024736,0.010000000000000033
18.82,0.06268121143159813,0.4583358302021772,0.1320287493948819,0.1867632833259029,0.3156850361359081,0.026769837063965757,0.010000000000000033
18.830000000000002,0.06267487750036771,0.4583360964401426,0.13202786626990673,0.18676081723241075,0.31568263923451906,0.02676891936283922,0.010000000000000033
18.84,0.06266946808020862,0.45833608567865175,0.13202686418546317,0.18675819594588938,0.3156806223742977,0.02676809233399134,0.010000000000000033
18.85,0.06266444357336479,0.4583361080257443,0.13202574265864606,0.18675538115984944,0.31567902957425914,0.026767359020605713,0.010000000000000033
18.86,0.06266050226696089,0.45833583696182906,0.13202444028189678,0.18675257610895835,0.31567755472402415,0.02676674988275307,0.010000000000000033
18.87,0.0626562032584172,0.45833579054364887,0.13202312019333537,0.1867496116964033,0.3156762290501324,0.026766160843590143,0.010000000000000033
18.88,0.06265294818919034,0.45833522807846594,0.13202154483470815,0.18674662523203306,0.3156752477583399,0.026765717085114393,0.010000000000000033
18.89,0.06264931327476884,0.4583347859090029,0.13201991980743685,0.18674358748464387,0.31567439360538274,0.026765310519296315,0.010000000000000033
18.900000000000002,0.06264616091624706,0.458334331707303,0.13201818768998788,0.18674043860029152,0.31567380561151265,0.026764969405469664,0.010000000000000033
18.91,0.06264354486116391,0.45833402987145616,0.13201641021951172,0.18673725987202044,0.3156732501959639,0.026764676845655633,0.010000000000000033
18.92,0.06264162031125695,0.4583334645937368,0.1320145475983104,0.1867342143577814,0.3156726468241443,0.02676445643077426,0.010000000000000033
18.93,0.06263872649075057,0.4583328881704704,0.13201269472869898,0.1867311597327645,0.3156721284945361,0.02676422973965635,0.010000000000000033
18.94,0.06263641094078662,0.4583319238062915,0.13201069917392022,0.1867281182629399,0.31567188145775354,0.026764105656310547,0.010000000000000033
18.95,0.06263439724459888,0.4583311296931142,0.13200874230187087,0.18672520820749877,0.3156713610538433,0.02676398190850074,0.010000000000000033
18.96,0.06263222034031128,0.458330741616532,0.13200694842360358,0.18672240644324642,0.3156705585014628,0.02676380058123284,0.010000000000000033
18.97,0.06263137077984171,0.45832947407683516,0.13200495018998962,0.18671985242823255,0.3156696335806809,0.02676376120852004,0.010000000000000033
18.98,0.06262966642857654,0.45832861735928065,0.13200313205750194,0.1867173642775641,0.3156685465773644,0.026763644551898856,0.010000000000000033
18.990000000000002,0.06262744251931501,0.45832817950560883,0.13200148466500605,0.18671477333356176,0.31566750973030727,0.026763462283226954,0.010000000000000033
19.0,0.06262676302455741,0.45832719550357004,0.13199966945678743,0.1867123092367606,0.3156664254529144,0.02676339139750481,0.010000000000000033
19.01,0.06262547087746595,0.45832675414205726,0.13199810641164791,0.18670999968245894,0.31566482757726516,0.02676323555935575,0.010000000000000033
19.02,0.06262372624266707,0.4583265671393567,0.1319966920776367,0.1867075934323795,0.3156633904813566,0.026763026091986327,0.010000000000000033
19.03,0.0626230849961829,0.4583257862192513,0.13199506444070053,0.18670520661092543,0.3156622277585238,0.026762956890533252,0.010000000000000033
19.04,0.06262197718078445,0.4583254005898196,0.13199359020059226,0.1867029277820991,0.3156606849976574,0.026762834614245466,0.010000000000000033
19.05,0.06262024194214862,0.45832584277597294,0.13199231175830073,0.18670041222155082,0.31565935884993906,0.0267626215844678,0.010000000000000033
19.06,0.06261954856113952,0.45832555556140375,0.13199086810471447,0.1866979435508916,0.3156582528624609,0.02676253184823291,0.010000000000000033
19.07,0.06261849256977875,0.4583250004289067,0.13198940417337013,0.186695641549754,0.3156570328837222,0.026762474885705885,0.010000000000000033
19.080000000000002,0.0626179377586364,0.4583238371716173,0.13198777680263796,0.18669346939002657,0.3156560048445871,0.026762950047234675,0.010000000000000033
19.09,0.06262476640380354,0.4583234148533495,0.13198604680378476,0.18669077211000315,0.31565561835075984,0.026762940791387326,0.010000000000000033
19.1,0.06262376846092199,0.45832341957075023,0.13198468069081293,0.18668848542846428,0.3156542131393043,0.026762759724521634,0.010000000000000033
19.11,0.0626219653264235,0.4583226745803607,0.13198325847747114,0.18668640414989188,0.31565295274725164,0.026762685329490523,0.010000000000000033
19.12,0.06262171630202647,0.45832151890850614,0.1319815162287733,0.1866839953156806,0.31565259518740496,0.02676358390405511,0.010000000000000033
19.13,0.06262007927857653,0.45832101148407633,0.13198009447867662,0.18668188639487332,0.3156514654844965,0.026763456027654543,0.010000000000000033
19.14,0.06261818743510167,0.4583204612414053,0.1319787696350388,0.18667988656576728,0.3156501464571133,0.026763217221319555,0.010000000000000033
19.150000000000002,0.06262008125577398,0.45831857421249056,0.13197702480910958,0.18667802423329474,0.31564928746987136,0.026763954170687165,0.010000000000000033
19.16,0.06261955174643802,0.4583178882461162,0.13197555366328131,0.18667600612475865,0.3156482346553442,0.026763865494815024,0.010000000000000033
19.17,0.0626176943080343,0.4583178240153405,0.13197443049896648,0.1866740894273052,0.3156465654900373,0.026763563419049792,0.010000000000000033
19.18,0.06261634940916168,0.45831695012705403,0.1319731433813235,0.18667224251433848,0.3156453313037379,0.02676345941760547,0.010000000000000033
19.19,0.06261824494348787,0.4583163206480178,0.13197168036895834,0.1866699837153372,0.3156448069717435,0.026763857323157364,0.010000000000000033
19.2,0.06261686860924418,0.45831634312408004,0.13197060429308916,0.18666812102787905,0.31564313399897376,0.026763706124580323,0.010000000000000033
19.21,0.06261499995049032,0.45831604465571846,0.13196956733677773,0.18666640986142297,0.3156414614767029,0.02676353107457673,0.010000000000000033
19.22,0.06261556215287967,0.4583143382026547,0.13196809983846672,0.18666479256900126,0.3156404259493266,0.026764597146406967,0.010000000000000033
19.23,0.06261503436452619,0.45831373257285274,0.1319668442608415,0.18666300614171974,0.31563926505360834,0.026764508336140563,0.010000000000000033
19.240000000000002,0.06261342088805862,0.4583137883651589,0.13196590270357336,0.1866613395204109,0.3156374775744536,0.026764162789792677,0.010000000000000033
19.25,0.06261211937646644,0.458313036491756,0.13196479823661694,0.18665970942891638,0.31563615956809643,0.02676402947862342,0.010000000000000033
19.26,0.06261439965637357,0.45831206633053095,0.13196344299436943,0.186657828098695,0.31563547879561554,0.026764718280136053,0.010000000000000033
19.27,0.06261319995864302,0.4583117762643419,0.13196240388721445,0.18665621183070244,0.3156338782146543,0.026764594534410834,0.010000000000000033
19.28,0.06261124201644606,0.4583114964759346,0.1319614626270978,0.18665463230296708,0.3156322942834782,0.02676438102977615,0.010000000000000033
19.29,0.06260927840126787,0.458310792188243,0.13196037923519088,0.18665290889310465,0.31563130337655204,0.026764325081214426,0.010000000000000033
19.3,0.06260797121992838,0.4583100292137079,0.13195921546111405,0.18665118298541333,0.3156303938702398,0.026764741438345646,0.010000000000000033
19.31,0.06260670624917411,0.4583097804532359,0.13195821950925593,0.18664954873567238,0.3156290937423938,0.02676469281758367,0.010000000000000033
19.32,0.06260806628287424,0.45830882271236945,0.131957000148151,0.18664813156477802,0.3156276947004653,0.026765171944781094,0.010000000000000033
19.330000000000002,0.06260709712542219,0.4583079645695005,0.13195584674647495,0.18664671638132896,0.3156263728495784,0.02676516366966175,0.010000000000000033
19.34,0.06260541200578666,0.4583071716375505,0.13195472483899467,0.18664518380106446,0.31562529327688843,0.026765125109778215,0.010000000000000033
19.35,0.06260356287834454,0.45830690282678416,0.13195371416889687,0.18664342245392182,0.31562436832043356,0.026765098790135087,0.010000000000000033
19.36,0.06260288787760736,0.4583065417224202,0.13195266712718326,0.186641794066373,0.3156232706476145,0.026765611586344065,0.010000000000000033
19.37,0.06260188214933933,0.4583061092521819,0.13195168615731775,0.18664032515026735,0.31562193152636064,0.026765600720993803,0.010000000000000033
19.38,0.06260035540945866,0.45830585968979526,0.1319507097994211,0.1866386402093479,0.3156209804557635,0.02676554264605615,0.010000000000000033
19.39,0.06259987073179481,0.45830534477913837,0.13194962820267636,0.186637074091533,0.31561999212485065,0.02676618694316226,0.010000000000000033
19.400000000000002,0.06259909839558359,0.4583048330252307,0.13194862629127072,0.18663574609228525,0.31561860884998033,0.02676619609044478,0.010000000000000033
19.41,0.06259806065052391,0.4583042037699617,0.1319476058725409,0.1866343841317713,0.3156174504451412,0.02676615769722491,0.010000000000000033
19.42,0.06260067303661913,0.458302981788514,0.1319463524891163,0.18663314003140352,0.315616405262957,0.026767377550173273,0.010000000000000033
19.43,0.06260020058667577,0.4583023093733051,0.13194529664901133,0.18663199038540365,0.315614885936173,0.026767320922733127,0.010000000000000033
19.44,0.06259898693622117,0.45830186057684313,0.1319443676556854,0.18663076513271232,0.3156135128657528,0.026767122323577076,0.010000000000000033
19.45,0.06259829474710793,0.45830115464230087,0.1319433348518748,0.1866294163966182,0.315612483276669,0.026767314189463803,0.010000000000000033
19.46,0.06259749274399394,0.4583008129435686,0.1319424116871452,0.18662806367110035,0.3156112913177592,0.026767300182960085,0.010000000000000033
19.47,0.0625970097854781,0.45830058602989093,0.1319415307927245,0.18662674089522854,0.31560999788572053,0.026767425908676076,0.010000000000000033
19.48,0.06259673334407086,0.4583002252958232,0.13194059411415865,0.18662543085893446,0.31560879086158944,0.02676785687158602,0.010000000000000033
19.490000000000002,0.06259643824001121,0.4582997597282722,0.131939615635324,0.18662414451725715,0.3156076542720181,0.026767900518244615,0.010000000000000033
19.5,0.06259610232292276,0.45829927760210953,0.13193863037117964,0.18662288290386994,0.3156065154056153,0.026768272298178408,0.010000000000000033
19.51,0.06259575358303078,0.4582987966181125,0.13193765936720137,0.18662165798990957,0.31560538297089274,0.02676835903125748,0.010000000000000033
19.52,0.06259538476723733,0.45829827017811275,0.13193667481539614,0.18662045112594375,0.3156042655356991,0.02676888499297934,0.010000000000000033
19.53,0.06259499577173964,0.45829771713942913,0.13193568632235478,0.18661925689449677,0.3156031743166564,0.026768930067869758,0.010000000000000033
19.54,0.06259459390437214,0.45829715353156103,0.13193470316739128,0.18661808948947126,0.31560207365759724,0.0267691741724433,0.010000000000000033
19.55,0.06259418652902661,0.4582965829205703,0.13193373677766307,0.1866169611639982,0.31560095226230683,0.026769434165597555,0.010000000000000033
19.56,0.06259377550658993,0.4582960068184435,0.1319327753359612,0.18661585548438478,0.3155998341530028,0.02676968238283751,0.010000000000000033
19.57,0.06259335124498036,0.4582954006599389,0.13193182738531653,0.1866147672609045,0.31559872418811985,0.026769948549027752,0.010000000000000033
19.580000000000002,0.06259292726667438,0.4582947902642802,0.13193089441327485,0.18661370651522724,0.3155976037983708,0.026770194559727425,0.010000000000000033
19.59,0.06259250743732442,0.4582941604134623,0.1319299602603436,0.18661265810231603,0.3155964676065661,0.026770392118787935,0.010000000000000033
19.6,0.0625915642275814,0.4582939325006921,0.1319291452271771,0.1866114558893801,0.3155954094624957,0.02677039473975019,0.010000000000000033
19.61,0.06259162916419084,0.45829335927408144,0.13192822678544228,0.18661040149008487,0.3155943419846466,0.026771223687136563,0.010000000000000033
19.62,0.06259096183204783,0.45829250097904306,0.1319272992127161,0.1866094947098259,0.31559319560563603,0.02677128233450741,0.010000000000000033
19.63,0.06258994821205893,0.45829158743508625,0.13192635701256505,0.18660853758064666,0.31559223244065204,0.02677138390342529,0.010000000000000033
19.64,0.06259294416306206,0.4582902932327963,0.13192527518919087,0.1866077434746542,0.31559122726698263,0.026772516671783396,0.010000000000000033
19.650000000000002,0.06259258025510528,0.4582895319041768,0.13192439815288032,0.18660704936030517,0.31558976470269823,0.026772409848833608,0.010000000000000033
19.66,0.06259145009057168,0.4582888704848757,0.13192361670684571,0.18660625247065757,0.31558845859925233,0.026772259087996905,0.010000000000000033
19.67,0.06258995799398448,0.4582886321449026,0.1319228987915265,0.18660508152754593,0.315587638807354,0.026772217969865692,0.010000000000000033
19.68,0.06258958024943798,0.45828809647577906,0.13192210288824704,0.18660411367974228,0.31558662738449894,0.026773070625132813,0.010000000000000033
19.69,0.06258896971785788,0.45828743081649914,0.131921337817524,0.18660336078450807,0.31558531204038054,0.026773084946629607,0.010000000000000033
19.7,0.0625880894582051,0.4582865618069085,0.1319205278615552,0.18660255934604317,0.315584262249756,0.026773047547042475,0.010000000000000033
19.71,0.06259003475885012,0.45828529759326914,0.13191952482880043,0.1866018343885806,0.3155833220275241,0.02677430988654718,0.010000000000000033
19.72,0.06258973947153305,0.4582845247399578,0.13191872337726976,0.18660122271880394,0.3155819143805452,0.02677419769149557,0.010000000000000033
19.73,0.0625887593714358,0.4582840271983976,0.1319180529998192,0.18660050378818355,0.3155806385450026,0.02677399478270922,0.010000000000000033
19.740000000000002,0.06259308345705804,0.4582825980192461,0.13191705844418317,0.18659990662247958,0.31557958074224,0.026775316353096927,0.010000000000000033
19.75,0.06259256000358161,0.458281688302866,0.1319162576519703,0.18659936719363773,0.3155781738364767,0.026775166648114006,0.010000000000000033
19.76,0.06259120061328756,0.4582810080689607,0.13191557091412973,0.18659874891128564,0.31557685333479113,0.0267749714451409,0.010000000000000033
19.77,0.06258975417229831,0.45828044083624714,0.13191492031766178,0.18659792965740687,0.31557587220544014,0.02677494314567538,0.010000000000000033
19.78,0.06258927584273834,0.45827971856494065,0.13191418608274033,0.18659718348074633,0.31557484394119023,0.02677569687587087,0.010000000000000033
19.79,0.06258812632153034,0.45827976364656914,0.13191368319706498,0.18659631838558188,0.31557362153035234,0.026775502853966165,0.010000000000000033
19.8,0.0625882622965407,0.4582792301700305,0.13191300982097295,0.1865956042146638,0.3155724607069898,0.026775737269729278,0.010000000000000033
19.81,0.06258762408433093,0.4582782601505257,0.13191225694625888,0.18659502513218523,0.3155713361723937,0.026776095040581555,0.010000000000000033
19.82,0.06258666821331337,0.45827718762515396,0.13191145144453484,0.18659442091066203,0.31557038162003864,0.02677633820265102,0.010000000000000033
19.830000000000002,0.06258588834138891,0.4582765350006074,0.13191071997561282,0.18659372255372,0.3155694438343239,0.026776364669807602,0.010000000000000033
19.84,0.06259048240714561,0.4582757448725651,0.13190992270895688,0.18659321759064712,0.31556821987480455,0.026777196249788568,0.010000000000000033
19.85,0.06259036607548171,0.45827507532283185,0.13190922252779466,0.18659279281087612,0.31556673805325364,0.026777155992654487,0.010000000000000033
19.86,0.06258849770616005,0.4582748391271155,0.1319086480192931,0.1865919698518722,0.315565808997095,0.02677703144718768,0.010000000000000033
19.87,0.06258789822499392,0.45827405584658437,0.13190790373031994,0.18659130713323907,0.31556491656910973,0.02677798985404341,0.010000000000000033
19.88,0.06258711825427586,0.4582731456624107,0.13190718380059996,0.18659084116881247,0.3155637714675287,0.026777978905928333,0.010000000000000033
19.89,0.06258616879102433,0.45827208078562925,0.1319064301636503,0.18659039126768756,0.3155627373172203,0.026777938472712752,0.010000000000000033
19.900000000000002,0.06258499935583695,0.45827144903537664,0.13190575080734712,0.1865897447470278,0.3155618617098089,0.02677818310851407,0.010000000000000033
19.91,0.06258641912419795,0.4582707713911644,0.1319050501607791,0.1865892039342883,0.3155608134269932,0.026778655767687242,0.010000000000000033
19.92,0.06258600770352796,0.4582700481841993,0.1319043981105406,0.1865888058441064,0.3155595284591963,0.026778676111290235,0.010000000000000033
19.93,0.0625850215544764,0.458269247685029,0.1319037235552049,0.1865882987825478,0.31555856185467546,0.026779054579242983,0.010000000000000033
19.94,0.06258468091397078,0.45826843101457226,0.1319029898550453,0.18658775833874214,0.3155576775284657,0.02677926040398455,0.010000000000000033
19.95,0.06258463324499301,0.45826784551374666,0.13190233230166626,0.18658733478160874,0.31555645713900693,0.02677927995199402,0.010000000000000033
19.96,0.06259045256719696,0.4582666259678933,0.1319015177942145,0.18658714189945189,0.31555510598969166,0.02678061401797867,0.010000000000000033
19.97,0.06258990652460533,0.45826549005611383,0.1319007699349816,0.18658694151780306,0.3155538107195128,0.02678052897450054,0.010000000000000033
19.98,0.06258844215642871,0.4582643640718004,0.13190006726523082,0.18658663420355537,0.31555273093032893,0.026780403622045944,0.010000000000000033
19.990000000000002,0.06258708062233242,0.4582633863420799,0.1318994057215159,0.18658625889313749,0.3155517669818278,0.026780722545501796,0.010000000000000033
20.0,0.06258538294913099,0.45826313969443405,0.13189893756551613,0.18658559827152693,0.3155508814802422,0.026780625587826883,0.010000000000000033
20.01,0.06258565902743111,0.4582625659562216,0.13189837193575688,0.18658514494231546,0.3155497986727387,0.026781175317119616,0.010000000000000033
20.02,0.0625851277204731,0.4582616628596564,0.1318977642123516,0.1865848797414717,0.3155485993267574,0.0267812334188992,0.010000000000000033
20.03,0.06258424501971364,0.4582605016930541,0.13189708481262036,0.18658458302371167,0.3155476361250356,0.02678173366111283,0.010000000000000033
20.04,0.06258300661043446,0.45825994304789947,0.13189651075607164,0.18658406518307394,0.3155468072386999,0.026781672420395978,0.010000000000000033
20.05,0.0625849075893935,0.4582593185748788,0.13189589692080858,0.18658369617647258,0.3155457382493471,0.02678207747838364,0.010000000000000033
20.06,0.06258459094012873,0.45825851964941866,0.13189531343298538,0.18658349013147732,0.31554447394829244,0.026782130564457725,0.010000000000000033
20.07,0.06258371591432757,0.45825741989175844,0.13189464657806066,0.18658323675842783,0.31554350676677545,0.02678276138143147,0.010000000000000033
20.080000000000002,0.06258337887538173,0.45825634812341626,0.13189391898195224,0.18658293500478496,0.31554264161758766,0.026782832648701415,0.010000000000000033
20.09,0.06258301030554408,0.458255791289936,0.1318933540498424,0.1865826474641944,0.3155414542829872,0.026782794492885936,0.010000000000000033
20.1,0.06258420835195747,0.45825516781382347,0.13189279270391918,0.1865824207608637,0.31554024936250136,0.026783390363971732,0.010000000000000033
20.11,0.06258721360478811,0.4582538842287737,0.13189202133111752,0.18658232724110094,0.31553912650818616,0.026783950852704207,0.010000000000000033
20.12,0.06258670365044645,0.4582527385872416,0.13189132325078567,0.18658226246791795,0.31553791698749284,0.0267839365645775,0.010000000000000033
20.13,0.06258545831789132,0.4582518018176662,0.13189072243965497,0.18658208607880306,0.31553680435642023,0.026783949139008337,0.010000000000000033
20.14,0.06258490352338225,0.4582507927754121,0.13189007779224518,0.18658185091068927,0.31553588297339974,0.026784681883977746,0.010000000000000033
20.150000000000002,0.06258428042140964,0.458250146940668,0.13188954801030203,0.1865815989842449,0.31553480727370975,0.026784600454985773,0.010000000000000033
20.16,0.0625844001566952,0.4582494190516097,0.1318890104233103,0.18658140535763365,0.31553363482110686,0.026784715374766743,0.010000000000000033
20.17,0.06258590533248294,0.4582482833671355,0.1318883425144171,0.1865813325197853,0.31553247696302916,0.02678565027375889,0.010000000000000033
20.18,0.06258544032666832,0.45824721263748747,0.13188770662561372,0.18658126965839275,0.3155313049384193,0.02678560997642692,0.010000000000000033
20.19,0.06258400219004848,0.45824658216027964,0.1318872074550753,0.18658098595507278,0.3155303505830243,0.026785477551984044,0.010000000000000033
20.2,0.06258483053549835,0.45824570917604773,0.13188660114546544,0.1865807770693371,0.3155294213538355,0.026786372809702554,0.010000000000000033
20.21,0.06258417386511811,0.4582447985614681,0.13188603711653515,0.18658070914019168,0.3155282672906961,0.026786331997999985,0.010000000000000033
20.22,0.06258307074423675,0.45824387625622,0.13188548640100717,0.18658055768655313,0.31552728857113865,0.026786270565402445,0.010000000000000033
20.23,0.06258824997561126,0.45824221416232686,0.13188469323833635,0.18658088691089958,0.31552630718464797,0.026787884451748716,0.010000000000000033
20.240000000000002,0.06258763882639319,0.4582411480689651,0.13188410243731707,0.18658115189281754,0.31552492334765714,0.026787653884385088,0.010000000000000033
20.25,0.06258632324453181,0.45824021690325295,0.1318835939791843,0.18658114439428436,0.3155236801271095,0.026787390337166643,0.010000000000000033
20.26,0.06258510917053778,0.4582390761626525,0.13188304790545397,0.18658102449834665,0.31552273604098685,0.026787891554455826,0.010000000000000033
20.27,0.06258376401192942,0.4582382344140063,0.1318825752610892,0.18658081842232482,0.31552184717877363,0.026787868718318716,0.010000000000000033
20.28,0.06258325804674748,0.4582376326965952,0.13188214137050983,0.18658062193755523,0.31552081019335193,0.02678784119407234,0.010000000000000033
20.29,0.06258324971771856,0.4582371940247986,0.1318817381680207,0.18658046040890125,0.3155196299258302,0.026788242649767816,0.010000000000000033
20.3,0.06258634118446778,0.4582364076312432,0.1318812115480692,0.18658040669552095,0.3155184582681145,0.02678863042343944,0.010000000000000033
20.31,0.06258504968828635,0.4582357171544118,0.13188072146405228,0.18658025319603103,0.3155174530245014,0.026788604856374746,0.010000000000000033
20.32,0.06258479563535432,0.4582346687535424,0.13188010213668405,0.18658015221786878,0.3155166012236941,0.026789544417019723,0.010000000000000033
20.330000000000002,0.06258396917419792,0.4582336378275845,0.13187952712487153,0.1865803497313228,0.31551553811662986,0.026789501196004536,0.010000000000000033
20.34,0.06258269954886186,0.45823280518480675,0.13187901248417955,0.18658023758342301,0.3155146193765011,0.026789402145851737,0.010000000000000033
20.35,0.06258385287765021,0.458231781918559,0.13187840812149343,0.18658016069041178,0.3155137341440074,0.02679035859343226,0.010000000000000033
20.36,0.06258312841242797,0.4582309746046836,0.1318779160881986,0.1865802401608931,0.31551260981345514,0.026790266091309713,0.010000000000000033
20.37,0.06258788967304361,0.45822945139642013,0.13187719940547238,0.18658101704643754,0.3155115458367889,0.026791016653509792,0.010000000000000033
20.38,0.06258724639364824,0.45822822257282936,0.13187659985305625,0.18658145792176853,0.3155103235480963,0.02679095687610502,0.010000000000000033
20.39,0.06258592607618267,0.4582271289057936,0.1318760823470195,0.18658151304229528,0.31550917027018477,0.026790893147894488,0.010000000000000033
20.400000000000002,0.06258480022756975,0.45822588773081696,0.13187554052375405,0.18658149724580494,0.3155082230646594,0.026791471499368318,0.010000000000000033
20.41,0.0625837943832801,0.45822467744537754,0.13187501369415228,0.18658159990205062,0.3155072769688887,0.026791501348909223,0.010000000000000033
20.42,0.0625829446791801,0.4582235687649387,0.1318745352365157,0.18658186912966135,0.3155062258811619,0.02679154164416046,0.010000000000000033
20.43,0.0625822338967729,0.45822248053003944,0.13187406670479773,0.18658203680803528,0.31550514837592847,0.02679196804122085,0.010000000000000033
20.44,0.06258161206269101,0.4582213341704297,0.13187358757065368,0.18658221274746814,0.31550411313348276,0.026792025265307138,0.010000000000000033
20.45,0.0625810488628111,0.4582201960951567,0.1318730893716268,0.1865824165307551,0.31550308357013523,0.02679239985081386,0.010000000000000033
20.46,0.06258053633563213,0.45821914010812403,0.13187260542627824,0.18658260953305178,0.31550204202927695,0.026792451956963125,0.010000000000000033
20.47,0.06257996709483764,0.4582183001048736,0.1318721804860348,0.18658259465088653,0.31550104076836516,0.026792601812253864,0.010000000000000033
20.48,0.06258778010689742,0.4582168106674231,0.13187151313643197,0.18658356979119817,0.3154999168824739,0.02679387332066878,0.010000000000000033
20.490000000000002,0.06258744491098732,0.4582157510662249,0.13187100523304135,0.1865840707675029,0.31549852245809284,0.026793711767888445,0.010000000000000033
20.5,0.06258611936032507,0.4582147772786314,0.13187055378885534,0.1865841283104837,0.3154973510893584,0.02679354506377265,0.010000000000000033
20.51,0.06258481779775837,0.45821371719436627,0.13187009135989952,0.18658405588329455,0.3154964829648015,0.026793946839818013,0.010000000000000033
20.52,0.06258487296157897,0.45821248560393785,0.13186955308518822,0.18658430994396952,0.31549557231248276,0.026794249953361663,0.010000000000000033
20.53,0.06258445963910708,0.4582115706970092,0.13186913327568145,0.18658489295453226,0.3154943119420329,0.026794234612187093,0.010000000000000033
20.54,0.06258310668833993,0.45821115287338077,0.1318688469563391,0.18658473320302243,0.3154933078054895,0.026794180221219304,0.010000000000000033
20.55,0.06258421315222289,0.4582102769866746,0.13186837930777043,0.18658464227860497,0.31549245910052276,0.02679517484820708,0.010000000000000033
20.56,0.06258366904273392,0.45820919906333746,0.13186789444825028,0.18658523992583922,0.31549143246922356,0.026795160221838043,0.010000000000000033
20.57,0.06258284514578191,0.4582079254987838,0.13186736708383398,0.1865856097337162,0.3154904581231999,0.026795226095551714,0.010000000000000033
20.580000000000002,0.06258202636777009,0.45820672601086226,0.13186684568383353,0.18658574652722892,0.31548955766119274,0.02679565292859415,0.010000000000000033
20.59,0.06258085224663577,0.4582062643368319,0.13186650854176143,0.18658556932764095,0.31548870419476394,0.026795536593435493,0.010000000000000033
20.6,0.06258347590599411,0.4582055286297731,0.13186606443320886,0.18658580802305944,0.3154877027861145,0.02679614946664745,0.010000000000000033
20.61,0.06258317000183554,0.45820451669734447,0.1318656026969332,0.1865865285884288,0.31548658346294023,0.026796195169275405,0.010000000000000033
20.62,0.06258227143843743,0.4582032397705281,0.13186506813153767,0.18658671638853536,0.3154857011075286,0.026796674862100498,0.010000000000000033
20.63,0.06258100233553807,0.45820259689690856,0.13186467000163196,0.1865865341713632,0.31548496985653024,0.02679658276600495,0.010000000000000033
20.64,0.06258336778378985,0.4582018227084506,0.13186421158992348,0.18658692006046565,0.31548400334765975,0.026797032900079294,0.010000000000000033
20.650000000000002,0.06258305008555663,0.45820082304346266,0.13186374601292827,0.18658764267119526,0.3154828528546503,0.026797096096528725,0.010000000000000033
20.66,0.06258216765728228,0.4581995486687919,0.1318632021959077,0.1865878754833298,0.3154819710101558,0.026797783898276573,0.010000000000000033
20.67,0.06258084598490551,0.4581989126974837,0.13186279694272085,0.18658768276864968,0.3154812927554481,0.026797640180184882,0.010000000000000033
20.68,0.06258313125828416,0.4581981175385017,0.13186234707780806,0.1865880507215596,0.31548033541205744,0.026797981090980968,0.010000000000000033
20.69,0.06258283299382973,0.458197119089089,0.1318618920834709,0.18658890308511142,0.3154791757987531,0.026798047822719818,0.010000000000000033
20.7,0.0625819696800931,0.45819582803566133,0.13186135698064563,0.18658918273120334,0.31547828937602607,0.02679886433701758,0.010000000000000033
20.71,0.06258065142589031,0.45819519477919857,0.131860959376707,0.18658899032245269,0.31547761329054386,0.02679868771475512,0.010000000000000033
20.72,0.06258301699730966,0.4581943894978568,0.13186051455280792,0.18658943656170268,0.31547665430243943,0.026798966851470152,0.010000000000000033
20.73,0.06258272461007797,0.458193373708801,0.13186007701768132,0.18659032727301966,0.3154754920943524,0.026799115572449652,0.010000000000000033
20.740000000000002,0.06258186791083604,0.45819207260843753,0.1318595462095484,0.18659055877252304,0.31547462011404553,0.026799760492529388,0.010000000000000033
20.75,0.06258056137698192,0.45819140495199345,0.13185916112159726,0.1865903924592266,0.3154739606556062,0.026799631322159734,0.010000000000000033
20.76,0.0625830078580978,0.45819058838421584,0.13185871893711165,0.18659088811713928,0.31547299891537606,0.02680014991396526,0.010000000000000033
20.77,0.06258271784788084,0.4581895696501356,0.13185828042037595,0.18659179499052037,0.31547185017110296,0.026800174813122944,0.010000000000000033
20.78,0.06258185352951746,0.45818824625060184,0.1318577502668645,0.1865921612939088,0.31547097474913033,0.026800845013306037,0.010000000000000033
20.79,0.06258056783712576,0.45818755439640385,0.13185735071481497,0.18659200643552667,0.3154703016694658,0.026800700251305157,0.010000000000000033
20.8,0.06258303104106845,0.45818671973380143,0.13185691932161736,0.18659253733507652,0.3154693652212828,0.02680108977566937,0.010000000000000033
20.81,0.06258273492564306,0.45818569183356256,0.1318564860649902,0.18659346558887757,0.31546821115184426,0.02680114008504414,0.010000000000000033
20.82,0.06258186813683565,0.45818436273201263,0.13185596878365513,0.18659379412299698,0.3154673242712296,0.02680187445274891,0.010000000000000033
20.830000000000002,0.06258059429713606,0.4581836317597462,0.13185556851830849,0.18659365171801445,0.3154666614804283,0.02680172424287546,0.010000000000000033
20.84,0.06258307933271373,0.458182787291693,0.13185513436649066,0.18659422753963628,0.31546572002869805,0.026802126681152214,0.010000000000000033
20.85,0.06258277872117264,0.4581817640768438,0.13185470172831512,0.18659518712699832,0.3154645527252022,0.026802171242133452,0.010000000000000033
20.86,0.06258192269607894,0.4581804351184526,0.1318541859185443,0.18659558278807586,0.31546367032343337,0.026802901510630636,0.010000000000000033
20.87,0.06258067849219132,0.45817964564993974,0.13185378142828305,0.1865954744386832,0.31546299761427427,0.026802769204897055,0.010000000000000033
20.88,0.06258323948399172,0.4581787828006078,0.13185334620440395,0.1865960511019179,0.31546206991018966,0.026803154308286798,0.010000000000000033
20.89,0.0625829368284827,0.458177750504863,0.13185294067659856,0.18659708378626721,0.3154609130758467,0.026803184876797167,0.010000000000000033
20.900000000000002,0.06258208128551764,0.45817641796503183,0.13185245529385475,0.18659752287068393,0.31546002018175356,0.026803951192646808,0.010000000000000033
20.91,0.06258088231310793,0.4581755633032979,0.13185205406890502,0.18659744410471713,0.3154593337748018,0.026803816313701566,0.010000000000000033
20.92,0.06258345975662775,0.45817466708758275,0.1318516217026719,0.18659801477079221,0.31545841981338596,0.02680419254930019,0.010000000000000033
20.93,0.06258314404061924,0.45817365102382174,0.13185122260042165,0.1865991091902448,0.31545724859081903,0.026804215853490455,0.010000000000000033
20.94,0.06258227366330629,0.4581723464984525,0.13185074673906752,0.18659957815006672,0.31545634220536206,0.026804891098469705,0.010000000000000033
20.95,0.06258102775031998,0.45817150580647764,0.131850355018925,0.18659949628598616,0.3154556520341377,0.026804769587486035,0.010000000000000033
20.96,0.06258349077871705,0.4581705970227967,0.13184992757736588,0.18660001501196005,0.31545473144867686,0.026805208302954804,0.010000000000000033
20.97,0.06258317031447168,0.4581695552336694,0.131849531812846,0.18660116388780817,0.3154535618374341,0.02680522698593727,0.010000000000000033
20.98,0.06258232181111154,0.45816820763092875,0.13184905734164298,0.18660172429398936,0.31545265512536796,0.026805856173003653,0.010000000000000033
20.990000000000002,0.0625811714617535,0.45816726803592894,0.13184864379091027,0.18660169150456402,0.315451940400731,0.02680578964832179,0.010000000000000033
21.0,0.0625837869178601,0.4581663063934405,0.1318482108915299,0.1866022887896586,0.31545103720862316,0.026806267171047053,0.010000000000000033
21.01,0.06258343079947958,0.45816528704244824,0.13184783510876721,0.18660338636555934,0.3154498487677414,0.026806265000264905,0.010000000000000033
21.02,0.06258243640610885,0.4581641309000686,0.13184742035244604,0.1866036690338704,0.31544894614101676,0.026806743064984158,0.010000000000000033
21.03,0.06258726002503187,0.45816236081813305,0.13184675105823476,0.18660488643848236,0.31544813107199055,0.02680757450668131,0.010000000000000033
21.04,0.06258675326595903,0.4581611335278166,0.1318463030348583,0.1866060105960105,0.3154468606397739,0.02680743989088591,0.010000000000000033
21.05,0.06258560730787648,0.4581600425999474,0.13184594518363493,0.18660660984708716,0.3154456630251248,0.026807340575437558,0.010000000000000033
21.06,0.06258455832989607,0.4581587138789435,0.13184552541458644,0.18660689878847406,0.3154448030149248,0.026808119377416947,0.010000000000000033
21.07,0.06258341494131632,0.4581575445328423,0.13184513576739712,0.1866072037871613,0.3154440008284534,0.026808086273210685,0.010000000000000033
21.080000000000002,0.06258704001595626,0.4581561580179403,0.13184466947356213,0.18660849470896707,0.31544300074357845,0.026808486357175004,0.010000000000000033
21.09,0.06258660140324951,0.45815504108726635,0.1318443096398365,0.1866095547874606,0.31544166255083284,0.02680845359748833,0.010000000000000033
21.1,0.06258541282516206,0.45815395588389757,0.13184396567674525,0.18660987205448096,0.31544057404634873,0.026808702090587017,0.010000000000000033
21.11,0.06258375712566129,0.45815325517001043,0.13184369166961116,0.18660965480464947,0.3154399241025433,0.02680866975954742,0.010000000000000033
21.12,0.06258457751145326,0.4581522995618859,0.13184332106450988,0.1866102903245064,0.3154390834028289,0.026809443743189096,0.010000000000000033
21.13,0.0625840772125694,0.45815123487472126,0.13184297658269822,0.18661145712434152,0.3154379345218284,0.02680941412788836,0.010000000000000033
21.14,0.06258328253800086,0.4581498755516248,0.13184256031289812,0.18661204874404083,0.31543700909077094,0.02680973684733168,0.010000000000000033
21.150000000000002,0.0625823830832789,0.4581486455275439,0.13184213235121142,0.18661242654748347,0.3154362263199268,0.026809818437140896,0.010000000000000033
21.16,0.06258789503384206,0.4581470959316862,0.13184157561140067,0.18661386212530304,0.3154352551587488,0.026810916811819685,0.010000000000000033
21.17,0.06258751478063287,0.4581459270997588,0.13184118139306386,0.18661495415115364,0.31543389368310426,0.0268107773586784,0.010000000000000033
21.18,0.06258633513301962,0.4581447727838174,0.1318408234879089,0.18661536932732353,0.31543277940566944,0.02681064112536303,0.010000000000000033
21.19,0.06258511995964894,0.4581435354114261,0.13184042337342539,0.18661563919818558,0.3154319898919977,0.02681124819101392,0.010000000000000033
21.2,0.06258469780551651,0.4581423438058177,0.1318400136097155,0.18661617985614087,0.3154311869423416,0.026811279650199367,0.010000000000000033
21.21,0.06258422130168444,0.4581415684135659,0.1318397375335149,0.18661676946786515,0.31543009902370867,0.02681121760989165,0.010000000000000033
21.22,0.06258404882314246,0.45814078155230753,0.13183945115298748,0.1866172640798952,0.3154290605666955,0.02681166358781391,0.010000000000000033
21.23,0.06258419350239869,0.4581398505951874,0.13183908294139948,0.18661780282862267,0.31542813721523555,0.02681184548645271,0.010000000000000033
21.240000000000002,0.0625841879852017,0.4581388967216968,0.13183868689022385,0.18661839185127915,0.3154272024276826,0.026812222713635696,0.010000000000000033
21.25,0.0625841586399721,0.4581379699136704,0.13183829419203497,0.18661899555900566,0.315426232052993,0.026812301767502225,0.010000000000000033
21.26,0.06258411768081491,0.45813699227077564,0.13183788784768596,0.18661964223234762,0.31542528376956136,0.026812778212956006,0.010000000000000033
21.27,0.06258405511019059,0.4581359812017962,0.1318374658940528,0.1866201813784383,0.3154243837961556,0.026812854519054335,0.010000000000000033
21.28,0.06258397778157211,0.4581349555030288,0.13183704948344666,0.18662081740121056,0.3154234808051737,0.0268134063132408,0.010000000000000033
21.29,0.06258389429336599,0.4581339402071107,0.13183662878340754,0.18662143490204255,0.3154225675997568,0.026813437922562904,0.010000000000000033
21.3,0.06258379409343459,0.458132891892698,0.1318362115749484,0.18662209199070423,0.3154216471107127,0.0268138533026032,0.010000000000000033
21.31,0.06258368637600256,0.4581318318423261,0.13183578936377094,0.18662271369342218,0.3154207377398049,0.0268139099195575,0.010000000000000033
21.32,0.06258356615941574,0.4581307690228721,0.13183537240050366,0.18662331844072916,0.3154198247632798,0.02681449138002801,0.010000000000000033
21.330000000000002,0.0625834445567176,0.4581296988852213,0.13183495081145855,0.1866239256081014,0.31541892155251666,0.026814529416956587,0.010000000000000033
21.34,0.06258331291281209,0.45812860628186947,0.13183453438822249,0.18662465076150545,0.31541801362724725,0.026814974838495594,0.010000000000000033
21.35,0.062583166177709,0.4581275202270988,0.13183411528765598,0.18662529338324998,0.31541710298040526,0.026815028031089486,0.010000000000000033
21.36,0.06258916844999554,0.4581257920293733,0.13183345827049742,0.18662689283403253,0.3154161324726474,0.02681632896381494,0.010000000000000033
21.37,0.06258854125052095,0.4581244024990321,0.1318329684820864,0.18662789941315377,0.31541499077750834,0.02681618851549275,0.010000000000000033
21.38,0.06258714425368325,0.4581230971406173,0.13183256914920394,0.18662844394509046,0.3154139992260119,0.026816029879507878,0.010000000000000033
21.39,0.0625859642689123,0.4581216616997078,0.13183216381189186,0.18662905816518058,0.3154131775494971,0.0268166241149266,0.010000000000000033
21.400000000000002,0.06258493558718921,0.4581202878543941,0.1318317938180679,0.1866298527450541,0.315412332573597,0.026816627832572198,0.010000000000000033
21.41,0.06258408568643656,0.45811901318137976,0.13183145879766073,0.18663069811203717,0.31541136682695264,0.026816629147241408,0.010000000000000033
21.42,0.06258337236816942,0.4581177247062274,0.1318311232764134,0.1866314556152579,0.3154103799395814,0.026817106728096504,0.010000000000000033
21.43,0.06258275806304353,0.4581163939253642,0.13183077589712894,0.18663224363031675,0.31540944172883306,0.026817163359126043,0.010000000000000033
21.44,0.0625822245007553,0.4581150835331673,0.1318304233185824,0.18663299908374564,0.31540848835606033,0.02681738124295784,0.010000000000000033
21.45,0.06258177329658034,0.45811381029672926,0.13183006960435792,0.1866338062727669,0.3154075067293119,0.026817669346327035,0.010000000000000033
21.46,0.06258139551229833,0.45811255262622885,0.13182971236055674,0.18663467934637717,0.31540652391718593,0.026817823538114564,0.010000000000000033
21.47,0.06258105989506951,0.45811126773711636,0.13182933756767298,0.18663545363389353,0.3154055463766801,0.026818150551101445,0.010000000000000033
21.48,0.06258076959989341,0.4581099962171831,0.13182897195379703,0.18663618681125405,0.3154045565866658,0.026818267200281184,0.010000000000000033
21.490000000000002,0.06258050931070674,0.4581087484146144,0.13182860963046206,0.1866369854843801,0.3154035476268339,0.026818544283289135,0.010000000000000033
21.5,0.06258026710556956,0.45810756416408416,0.13182824896761533,0.18663764091472443,0.31540256313495346,0.02681868696755976,0.010000000000000033
21.51,0.0625797893057216,0.45810672490285803,0.1318279708606639,0.18663769215463563,0.31540166824545735,0.026818692465066723,0.010000000000000033
21.52,0.06258462453186535,0.4581057097769369,0.13182759877281885,0.18663854971798152,0.31540073226477,0.02681955229341151,0.010000000000000033
21.53,0.06258435118127095,0.45810475438314713,0.1318272775343178,0.1866395218369052,0.31539962150004885,0.026819503775345695,0.010000000000000033
21.54,0.0625864040111361,0.4581034141214272,0.13182681564238455,0.1866404219029423,0.31539870611710835,0.02682006921888051,0.010000000000000033
21.55,0.06258601700102726,0.4581021924190379,0.13182640917901758,0.18664141321427039,0.31539764760408856,0.026820056938798728,0.010000000000000033
21.56,0.06258461657620479,0.45810149545756096,0.13182618032997093,0.18664142743287135,0.3153967110168703,0.026819952717202222,0.010000000000000033
21.57,0.06258615505824774,0.4581004528536616,0.13182581816628725,0.1866421095571196,0.31539587126974183,0.026820886828927484,0.010000000000000033
21.580000000000002,0.06258561110471816,0.45809922416994703,0.13182543687157985,0.18664334351696404,0.31539489007087984,0.02682086896220649,0.010000000000000033
21.59,0.0625847578586189,0.4580977823112807,0.1318250229875612,0.1866442182354705,0.31539398737428315,0.026820971087432244,0.010000000000000033
21.6,0.06258400171227974,0.4580963593088925,0.1318246060121781,0.18664500641686493,0.31539312698381694,0.026821373805943658,0.010000000000000033
21.61,0.06258320055224906,0.4580952050836554,0.13182425919992366,0.18664556378428468,0.31539223011910966,0.026821377527346313,0.010000000000000033
21.62,0.06258773559294273,0.4580937727062513,0.1318237776477695,0.18664681375929745,0.31539125772310617,0.026822230189813917,0.010000000000000033
21.63,0.06258743186045469,0.45809256607173393,0.13182341030100977,0.18664794831707393,0.3153900177155535,0.02682216338671531,0.010000000000000033
21.64,0.06258627094770394,0.4580914833319686,0.13182311583232792,0.18664844844668863,0.31538896708168296,0.026822080324372614,0.010000000000000033
21.650000000000002,0.062585931039417,0.458090207618907,0.13182271770108722,0.1866489671973809,0.31538820484978036,0.026822942671630604,0.010000000000000033
21.66,0.06258536188358824,0.4580892172741358,0.1318224181325612,0.1866496136761714,0.31538729867720333,0.026822858366985,0.010000000000000033
21.67,0.0625915990423238,0.45808765926715855,0.1318219474070259,0.18665155912721115,0.3153860997798657,0.026823557759765138,0.010000000000000033
21.68,0.06259096395622961,0.45808635202851333,0.13182157950944187,0.18665253538503457,0.3153848748532014,0.02682349760791867,0.010000000000000033
21.69,0.06258950006245811,0.4580850155082633,0.13182122891313014,0.1866530541573053,0.3153839283724239,0.026823521743274053,0.010000000000000033
21.7,0.06258825675140614,0.4580835885718334,0.13182085625309242,0.18665370145293028,0.31538314122950833,0.026823989753195956,0.010000000000000033
21.71,0.06258718511242689,0.45808224257481844,0.13182052006075368,0.1866545853198345,0.31538229220081465,0.026824004989920252,0.010000000000000033
21.72,0.06258629928253366,0.4580809761775753,0.1318202248018662,0.1866554557819121,0.3153813570664043,0.02682406412073097,0.010000000000000033
21.73,0.06258554727096453,0.4580796897653134,0.13181992206379817,0.18665628714636326,0.31538040774003456,0.026824482181248083,0.010000000000000033
21.740000000000002,0.06258488634009352,0.45807836060132023,0.13181960323085876,0.18665704842071648,0.315379479585794,0.026824554760326108,0.010000000000000033
21.75,0.06258432367575972,0.45807705647204683,0.13181927588617953,0.18665792519327074,0.31537852820897566,0.02682485429858839,0.010000000000000033
21.76,0.06258384637271316,0.45807578461136744,0.13181894406455358,0.18665871629505137,0.31537756478534085,0.026824974049349866,0.010000000000000033
21.77,0.0625834187140765,0.45807453654109925,0.13181860581456759,0.18665951104475317,0.3153766060196127,0.026825314070871218,0.010000000000000033
21.78,0.06258294812387606,0.45807343849074034,0.13181829976922832,0.18666003616663415,0.3153756994665826,0.026825345907973853,0.010000000000000033
21.79,0.0625888552416186,0.45807196565191627,0.13181780519867267,0.1866613736533839,0.31537473610748645,0.02682641893143607,0.010000000000000033
21.8,0.0625886878773395,0.4580707984041103,0.13181745434505618,0.18666260690396808,0.31537346211530687,0.026826306206151233,0.010000000000000033
21.81,0.06258757662468423,0.45806971557201576,0.13181717066666027,0.18666316075508077,0.3153723843603411,0.0268261718257656,0.010000000000000033
21.82,0.06258608564223679,0.45806899093436676,0.1318169443280523,0.18666298227628314,0.3153717281633273,0.02682622379936573,0.010000000000000033
21.830000000000002,0.06258731120668518,0.4580680123767264,0.13181662371304,0.18666377429457318,0.3153709499110677,0.026827078038710036,0.010000000000000033
21.84,0.06258684333354268,0.458066909740389,0.13181632888316527,0.18666515326535776,0.315369847338145,0.026827043780743826,0.010000000000000033
21.85,0.0625860564521723,0.45806552984160354,0.13181595964096482,0.18666590440884548,0.31536895232589457,0.02682730048394437,0.010000000000000033
21.86,0.06258517301888451,0.45806425320002536,0.1318155866940763,0.18666635320763356,0.3153682106466161,0.026827381935632506,0.010000000000000033
21.87,0.06259009414503419,0.4580626983934366,0.1318150863614251,0.18666787569002508,0.3153672846736516,0.026828342755847157,0.010000000000000033
21.88,0.06258975684533558,0.45806151410766544,0.1318147498615613,0.18666916107058795,0.3153659967796972,0.026828236288887215,0.010000000000000033
21.89,0.06258861564308821,0.4580603732640188,0.13181445838617517,0.18666971791313788,0.31536493327766363,0.026828136151554525,0.010000000000000033
21.900000000000002,0.06258727938426537,0.45805930820219515,0.1318141578385157,0.1866697319127212,0.31536425003586654,0.026828533481362424,0.010000000000000033
21.91,0.06257573449880932,0.4582010974253246,0.13203588411949407,0.18698646598028024,0.31515816170838484,0.02677197081007438,0.010000000000000033
21.92,0.06302503606303322,0.4581268610046401,0.13197412534846142,0.18694785591562443,0.31535063805594377,0.026863779337080496,0.010000000000000033
21.93,0.06296090341642735,0.45807517142268533,0.13191571970129481,0.1868656053829124,0.31568890944474054,0.026849172809901654,0.010000000000000033
21.94,0.0629108019637761,0.4582038611618677,0.1319670926758754,0.18681898379297143,0.3156801201419028,0.02681728365012161,0.010000000000000033
21.95,0.06288349395591995,0.45834056629628106,0.13206390027998524,0.1868007988121984,0.3156257736627945,0.02679114549436155,0.010000000000000033
21.96,0.06285410544611114,0.4583511654753331,0.1320596238517092,0.18678506930758107,0.3156293443501381,0.02678550594919938,0.010000000000000033
21.97,0.06281642345670604,0.458329481268551,0.13204246988192947,0.1867719690158309,0.31568258603865534,0.026800015008169434,0.010000000000000033
21.98,0.06278393086117798,0.458321043123168,0.13203477271846945,0.1867657398837928,0.31568827487699125,0.02679825562229362,0.010000000000000033
21.990000000000002,0.06276235188090995,0.45833061654077356,0.13203932506269536,0.18676388799584492,0.3156760187512081,0.026792324318104525,0.010000000000000033
22.0,0.06274491513147032,0.4583316705496337,0.13203947257621193,0.18676221962506614,0.31567014340556276,0.026788293033866647,0.010000000000000033
22.01,0.06272827277182776,0.45832705330774887,0.13203725511278624,0.1867599330303482,0.31567259089864536,0.026786210233892663,0.010000000000000033
22.02,0.06271377741383416,0.45832474587689254,0.13203549857610977,0.1867577935639964,0.3156720218416756,0.02678454871946109,0.010000000000000033
22.03,0.06270218972716003,0.4583254199976685,0.13203465309848722,0.18675594451614827,0.31566892707582267,0.02678279475753609,0.010000000000000033
22.04,0.06269230941264543,0.4583251357677317,0.13203382190925625,0.18675392116785566,0.31566659920925283,0.026781238963046197,0.010000000000000033
22.05,0.06268339700301824,0.45832418882723724,0.1320327256224955,0.18675162162394007,0.31566520609934523,0.02677996474360519,0.010000000000000033
22.06,0.06267560040533422,0.45832377057236273,0.1320316543084823,0.18674925031407824,0.3156635761464962,0.02677877142077929,0.010000000000000033
22.07,0.06266887918688939,0.458324446867584,0.13203069834248524,0.18674672923929875,0.3156617511073386,0.026777577039040754,0.010000000000000033
22.080000000000002,0.06266383922173435,0.4583244861998322,0.1320295758521321,0.1867441764574108,0.3156601145729176,0.026776530385784102,0.010000000000000033
22.09,0.0626595554426671,0.45832425634379254,0.13202828885901127,0.18674157932217753,0.3156586335885665,0.026775606182771215,0.010000000000000033
22.1,0.0626553650814385,0.4583241749354631,0.13202694025342235,0.18673886315756963,0.31565741908563016,0.026774752921587278,0.010000000000000033
22.11,0.06265176663151188,0.458323928992707,0.13202542174261206,0.1867360222116831,0.31565650252150146,0.026774010267479727,0.010000000000000033
22.12,0.06264862158307014,0.45832357552892544,0.13202376934808138,0.18673312823766763,0.31565574368112914,0.02677336122493984,0.010000000000000033
22.13,0.06264571031647062,0.45832312716767515,0.132022010952319,0.18673021934624037,0.31565510638967315,0.026772791180426653,0.010000000000000033
22.14,0.06264292895375531,0.4583225129462962,0.13202015389753252,0.18672725707401458,0.31565468015130155,0.026772286557148733,0.010000000000000033
22.150000000000002,0.06264025654157127,0.45832179201800644,0.13201822047740566,0.18672430044515442,0.315654417350643,0.026771843006731143,0.010000000000000033
22.16,0.0626386585559165,0.4583203791296881,0.1320160425091831,0.18672153497280816,0.31565415607018754,0.02677154495543699,0.010000000000000033
22.17,0.06263619917651535,0.4583193714820419,0.13201401152430883,0.18671881552182493,0.3156537187340551,0.026771193601420724,0.010000000000000033
22.18,0.06263324154954994,0.4583186012098885,0.13201205339034233,0.18671596801415621,0.31565348816161637,0.026770817305089147,0.010000000000000033
22.19,0.0626314729719558,0.45831742569898287,0.1320099536911204,0.1867131756428055,0.3156533252719612,0.026770544400278967,0.010000000000000033
22.2,0.06262938598360392,0.4583168007962562,0.1320080819027974,0.1867105615603254,0.31565267108127415,0.026770206008038113,0.010000000000000033
22.21,0.06262682652073435,0.45831693119591016,0.1320064468518105,0.18670773676705965,0.3156520186930257,0.02676978092648972,0.010000000000000033
22.22,0.0626254155758657,0.4583164969738934,0.13200466856930776,0.18670500844823892,0.31565144650077404,0.026769451882313056,0.010000000000000033
22.23,0.06262374968381612,0.45831603093253726,0.13200296550008836,0.1867025042169047,0.31565053982901875,0.026769130573485414,0.010000000000000033
22.240000000000002,0.06262182357931204,0.4583157389067039,0.13200133937588845,0.18669999618130234,0.31564963387373124,0.026768809687099143,0.010000000000000033
22.25,0.06262043939079914,0.4583157194913292,0.1319997618249937,0.18669740590659623,0.31564878272260344,0.026768497247721346,0.010000000000000033
22.26,0.0626200574699928,0.4583156559972114,0.13199819469891189,0.18669499782732848,0.3156476052061002,0.026768218675628223,0.010000000000000033
22.27,0.0626188618235251,0.4583157049316727,0.13199674337912037,0.18669267659407945,0.31564629650626363,0.026767910096236337,0.010000000000000033
22.28,0.06261774126140446,0.45831559197139654,0.1319952108357482,0.18669021494376478,0.31564545505676367,0.026767665064394458,0.010000000000000033
22.29,0.06261744038284486,0.4583152966545156,0.13199360921630354,0.1866878761187706,0.31564452481761834,0.026767488527509226,0.010000000000000033
22.3,0.06261627097419643,0.45831526075107776,0.1319921445053164,0.18668560648043106,0.3156433742659675,0.02676726293398433,0.010000000000000033
22.31,0.06261542337692973,0.45831491364450894,0.13199056865578163,0.1866832751188131,0.31564258150191654,0.02676711391767174,0.010000000000000033
22.32,0.0626147448086154,0.45831452981839305,0.13198896605382404,0.18668098884821105,0.3156418035535563,0.02676699971916771,0.010000000000000033
22.330000000000002,0.06261688823860825,0.4583135352646237,0.13198721115673306,0.18667897003977335,0.31564080509425413,0.026767003176311813,0.010000000000000033
22.34,0.06261601632213094,0.45831273981542575,0.1319855653242535,0.18667697255802873,0.3156397744778743,0.026766934753498377,0.010000000000000033
22.35,0.06261425409192849,0.4583120099879224,0.1319839611114746,0.18667483154410694,0.31563907162993987,0.026766847942738904,0.010000000000000033
22.36,0.06261313445608252,0.45831115379145254,0.1319823015402644,0.18667263551532082,0.31563854296857247,0.02676680976922721,0.010000000000000033
22.37,0.06261192651064827,0.4583108221508312,0.13198081999831784,0.1866705248229929,0.31563770108437966,0.026766712739027518,0.010000000000000033
22.38,0.06261254234965426,0.4583099174082115,0.13197921505452326,0.18666859690178816,0.3156367127255067,0.026766727382316512,0.010000000000000033
22.39,0.06261157874916246,0.4583091263016637,0.13197771183269838,0.1866667023836162,0.31563569006955233,0.026766688352025638,0.010000000000000033
22.400000000000002,0.06260996339952218,0.45830845173168844,0.1319762556949146,0.18666469908698008,0.31563485260680507,0.02676663249135831,0.010000000000000033
22.41,0.0626080159083482,0.45830868212506976,0.13197498410099032,0.1866623850532942,0.3156342087699743,0.026766487240886122,0.010000000000000033
22.42,0.0626073053247159,0.4583084970129646,0.13197367101791546,0.18666033128479684,0.3156332627979584,0.02676641668485458,0.010000000000000033
22.43,0.06260637821604857,0.45830805327677177,0.13197237687262817,0.18665851478709683,0.31563204820473945,0.02676635576754097,0.010000000000000033
22.44,0.06260513393211359,0.45830747487634177,0.13197104714840288,0.1866566682337138,0.3156311533103471,0.026766334183594025,0.010000000000000033
22.45,0.06260732450996362,0.4583063675813466,0.13196950911483502,0.18665498272576128,0.31563023488992314,0.026767107534111222,0.010000000000000033
22.46,0.06260676382063171,0.45830586624342223,0.13196820497837433,0.18665342682854053,0.3156287477005779,0.02676700575009588,0.010000000000000033
22.47,0.06260551630423138,0.45830549869149156,0.13196701416198656,0.18665180698419737,0.31562742171582264,0.026766783722779578,0.010000000000000033
22.48,0.06260402629935263,0.45830529840241435,0.131965846692028,0.18664991520790786,0.31562658007458344,0.026766625807063852,0.010000000000000033
22.490000000000002,0.0626035898615099,0.45830492770818404,0.13196461271770016,0.18664813680694065,0.31562566741101006,0.02676657490846381,0.010000000000000033
22.5,0.06260275609178856,0.4583047039875788,0.13196351009499976,0.18664649042955211,0.3156243750688123,0.026766519047099323,0.010000000000000033
22.51,0.06260222304271047,0.45830413232638617,0.13196229367351023,0.1866448096180704,0.3156233913796221,0.02676679101216709,0.010000000000000033
22.52,0.06260150703288478,0.4583037652162791,0.1319610996229555,0.1866431295832903,0.3156224400098454,0.026766781861884952,0.010000000000000033
22.53,0.06260553295304673,0.4583027398311228,0.1319597151342428,0.18664175817974313,0.31562120063483046,0.02676737961332852,0.010000000000000033
22.54,0.06260493038597266,0.458302000012651,0.1319584788024974,0.18664038209194211,0.3156199061539751,0.026767334504198294,0.010000000000000033
22.55,0.0626033326514589,0.45830133088848835,0.13195727688183473,0.1866388427523982,0.31561895699645015,0.026767234205648742,0.010000000000000033
22.56,0.06260196618857543,0.45830086317996493,0.13195609987876053,0.1866371556005791,0.31561821625481085,0.026767195567425565,0.010000000000000033
22.57,0.06260117387946199,0.4583006907433746,0.1319550193130743,0.18663550974631324,0.3156172460343143,0.02676716768963449,0.010000000000000033
22.580000000000002,0.06260070720436596,0.45830071907414816,0.13195399931261625,0.18663390359140355,0.31561605445417407,0.026767161471674118,0.010000000000000033
22.59,0.06260123234757753,0.45830029690995605,0.13195287004505288,0.1866324278438021,0.31561496335910816,0.026767850429526674,0.010000000000000033
22.6,0.06259997958835745,0.4582999740080946,0.13195179604205454,0.18663088121290755,0.3156140398612713,0.026767794936661326,0.010000000000000033
22.61,0.06259937072309339,0.4582992955151122,0.13195059887887717,0.18662938549814528,0.3156132448114347,0.02676783781867949,0.010000000000000033
22.62,0.06259833762077884,0.4582987632537015,0.13194949476109966,0.18662803764410452,0.31561216244383233,0.026767839452935295,0.010000000000000033
22.63,0.06259736397870601,0.4582983186849665,0.13194842155998027,0.18662661179778114,0.3156112177046452,0.0267681227574611,0.010000000000000033
22.64,0.06259689594602934,0.45829795345081326,0.1319473448080928,0.18662520129479573,0.3156102336429607,0.026768150082271982,0.010000000000000033
22.650000000000002,0.06259658603286053,0.4582976876769056,0.13194633833021746,0.1866238784077607,0.3156090140127033,0.02676818497881087,0.010000000000000033
22.66,0.06259625932988129,0.45829734008928236,0.13194532893813815,0.18662258122034064,0.31560782965181766,0.026768554891463413,0.010000000000000033
22.67,0.06259585486064527,0.45829684969045054,0.13194427629429414,0.18662130017039774,0.31560678920781166,0.026768592953406545,0.010000000000000033
22.68,0.06259487142292282,0.4582967209164881,0.13194333140119416,0.186619868696827,0.31560581859255177,0.02676857588916873,0.010000000000000033
22.69,0.0625947268366228,0.4582962531721114,0.13194228892499088,0.18661859460638738,0.31560479486654064,0.026769228180666887,0.010000000000000033
22.7,0.06259402438988387,0.4582955198099128,0.1319412378533043,0.18661746680149166,0.31560369340168737,0.026769270688611582,0.010000000000000033
22.71,0.06259297815529213,0.4582947386966232,0.13194017135431038,0.1866162833492505,0.31560281722429684,0.026769327402736045,0.010000000000000033
22.72,0.06259628833214098,0.4582935086576604,0.1319389294070759,0.18661527430463495,0.3156018729348316,0.026770422963030345,0.010000000000000033
22.73,0.06259586508629389,0.45829284332386366,0.13193792073425237,0.186614364530683,0.31560044946052407,0.026770364346796777,0.010000000000000033
22.740000000000002,0.06259463117931188,0.45829226677976825,0.13193699210988802,0.18661334644107275,0.31559924745515205,0.026770184337522804,0.010000000000000033
22.75,0.06259312172717198,0.4582920112528091,0.13193611605197983,0.18661199855252528,0.3155984943043634,0.026770100731053164,0.010000000000000033
22.76,0.06259269528328194,0.4582915786636068,0.13193518557106693,0.1866107891611789,0.3155975768673244,0.026770579636916206,0.010000000000000033
22.77,0.06259199809157309,0.4582910755075541,0.13193431210953646,0.1866098056299098,0.3155962971282714,0.026770586900691104,0.010000000000000033
22.78,0.06259100936072799,0.45829040144951116,0.13193340329120798,0.1866087659921519,0.3155953267280895,0.026770672995867623,0.010000000000000033
22.79,0.06259464007794921,0.4582890692405657,0.13193225411269618,0.1866078802324383,0.3155944183277239,0.02677187219853671,0.010000000000000033
22.8,0.06259420601003442,0.45828835010751234,0.13193132340391245,0.18660710462973448,0.31559299315865685,0.026771801985486142,0.010000000000000033
22.81,0.06259297149346144,0.4582878011653723,0.1319304919676707,0.18660624326672867,0.31559170145082993,0.026771594989972357,0.010000000000000033
22.82,0.0625915277304379,0.45828748788827867,0.1319297135714042,0.18660508103466455,0.3155908642444892,0.026771512334533558,0.010000000000000033
22.830000000000002,0.06259115678078431,0.45828699562350117,0.13192885571825863,0.1866040377044002,0.3155899112369422,0.026771970781765568,0.010000000000000033
22.84,0.0625904865870533,0.45828648074661427,0.13192806967395176,0.18660319515984583,0.3155885862504915,0.02677197554727656,0.010000000000000033
22.85,0.06258951179892809,0.45828587247776587,0.13192726041223898,0.18660228497195958,0.31558755944986416,0.0267719645078918,0.010000000000000033
22.86,0.06259410073925752,0.45828447779311565,0.13192617049870287,0.18660157406882916,0.3155865752578716,0.026773466977142477,0.010000000000000033
22.87,0.06259367988803681,0.45828372082443103,0.13192530669570157,0.18660094834363564,0.31558511117649996,0.02677332441012632,0.010000000000000033
22.88,0.06259235401051626,0.4582831381540747,0.1319245455074431,0.18660022396734458,0.3155838240885741,0.02677308492434823,0.010000000000000033
22.89,0.06259090316017304,0.45828271826536227,0.1319238138841705,0.18659924075748063,0.31558296847966183,0.02677301615293772,0.010000000000000033
22.900000000000002,0.06259051487439117,0.4582821241978126,0.13192300693755246,0.18659835059306895,0.31558201968767985,0.026773491804925942,0.010000000000000033
22.91,0.0625897727843175,0.45828164428521256,0.1319223019545608,0.18659760938798725,0.3155807157772295,0.026773489305040216,0.010000000000000033
22.92,0.06258892576898552,0.45828115615797366,0.13192155482984463,0.18659674456910813,0.31557972914630344,0.02677351318540643,0.010000000000000033
22.93,0.06259149092371412,0.4582802827802494,0.13192065162967723,0.18659598238570113,0.31557875873097546,0.026774574160294374,0.010000000000000033
22.94,0.06259117224077518,0.4582797431576537,0.13191989279772395,0.18659532984927837,0.31557739273934104,0.02677450425796125,0.010000000000000033
22.95,0.06259096124549823,0.4582788034095226,0.13191902687061025,0.18659472969362395,0.3155762208042798,0.02677444362926999,0.010000000000000033
22.96,0.06259028898501844,0.45827787301483774,0.1319181904613542,0.18659414193420856,0.3155750916709441,0.0267748543240152,0.010000000000000033
22.97,0.06258903096671288,0.45827736043870065,0.13191746934240953,0.18659337307569007,0.3155741086543712,0.02677483873231518,0.010000000000000033
22.98,0.06258866066904324,0.45827662260092733,0.13191666653238768,0.18659264513294724,0.31557314137890313,0.026775303372084232,0.010000000000000033
22.990000000000002,0.06258757032195425,0.4582766020116182,0.1319160656545275,0.18659178658779102,0.31557206402910504,0.026775194229383497,0.010000000000000033
23.0,0.06258798941953637,0.45827607882681537,0.1319153363638171,0.18659106199282774,0.31557102573095336,0.026775631467192824,0.010000000000000033
23.01,0.06258739162855663,0.4582751880169869,0.13191454271760988,0.18659048613807058,0.3155699700565111,0.0267756836379117,0.010000000000000033
23.02,0.06258644381079385,0.45827420906028005,0.1319137147966171,0.18658988672005536,0.3155690635011793,0.026776190019511543,0.010000000000000033
23.03,0.06258581103757556,0.4582735211876129,0.13191291583811587,0.18658921534803502,0.3155681664686935,0.026776217458078625,0.010000000000000033
23.04,0.06258588847202062,0.45827307681877155,0.13191219452842826,0.18658861012203296,0.3155670140138703,0.026776241853013433,0.010000000000000033
23.05,0.06258590236728767,0.45827261482476356,0.13191150595051335,0.18658806026393127,0.3155657599920218,0.026776633331949948,0.010000000000000033
23.06,0.06259119015564184,0.4582713229195644,0.13191056799712872,0.18658769004362963,0.31556463922654315,0.026777636239146467,0.010000000000000033
23.07,0.06259065654398892,0.4582702568831554,0.13190974273063308,0.18658734018881407,0.315563420630027,0.026777574696104922,0.010000000000000033
23.080000000000002,0.0625892374500167,0.45826933828706257,0.13190899700308073,0.18658691015743908,0.31556231436742926,0.026777475466624845,0.010000000000000033
23.09,0.06258787368786117,0.45826855491862584,0.13190829937238277,0.18658636432466788,0.31556137345596247,0.026777640982366124,0.010000000000000033
23.1,0.06258956603604673,0.458267354507336,0.13190745282615857,0.18658595972244196,0.31556037079151644,0.026778512779900003,0.010000000000000033
23.11,0.06258903314832683,0.45826653096827435,0.1319067731378786,0.18658564700537378,0.31555897243798975,0.026778433551373656,0.010000000000000033
23.12,0.06258786072474964,0.45826579902931663,0.1319061655486719,0.186585235240186,0.31555779565207426,0.02677832939593135,0.010000000000000033
23.13,0.06258629782356681,0.45826537917264926,0.13190558891533713,0.18658453885021573,0.3155570209034628,0.026778334028349827,0.010000000000000033
23.14,0.06258633746249409,0.4582647682657949,0.13190494481553164,0.18658397524207324,0.3155561006008552,0.026779094502038015,0.010000000000000033
23.150000000000002,0.06258577362346336,0.4582640737430781,0.13190434338106305,0.18658361791735978,0.3155548579226133,0.026779101546437988,0.010000000000000033
23.16,0.06258492533748082,0.4582630882935196,0.13190366149088661,0.18658323695301768,0.31555386932100493,0.02677925522500976,0.010000000000000033
23.17,0.0625836740796822,0.4582626376310039,0.1319030638303162,0.18658260392300247,0.31555311724037616,0.026779249921484463,0.010000000000000033
23.18,0.06258526652539032,0.45826208460291273,0.13190241170056805,0.18658213320422498,0.3155521086155843,0.026779931910443713,0.010000000000000033
23.19,0.06258492935104931,0.45826136865695793,0.1319017812801871,0.18658184479071954,0.31555086390479825,0.026779949743352925,0.010000000000000033
23.2,0.0625840809282243,0.45826038287864823,0.13190107429048556,0.18658150917028735,0.3155499221980784,0.02678019613345421,0.010000000000000033
23.21,0.06258413786116954,0.45825927370982117,0.13190028292443673,0.18658117522636306,0.3155490772817373,0.02678081294181451,0.010000000000000033
23.22,0.06258387690403425,0.4582586183683895,0.13189965050811975,0.18658091255478385,0.31554784680133163,0.026780758816676662,0.010000000000000033
23.23,0.06258631981286579,0.458257717582745,0.13189895780603106,0.18658070872652086,0.31554658975358485,0.02678113314928529,0.010000000000000033
23.240000000000002,0.06258608466639423,0.4582567973762243,0.13189827882891272,0.18658051173695647,0.31554539852417757,0.026781184804103433,0.010000000000000033
23.25,0.06258480442337154,0.4582562144164727,0.13189770202692502,0.1865801069435462,0.3155444381381359,0.0267811796206229,0.010000000000000033
23.26,0.0625855642962382,0.45825538245304775,0.1318970341863545,0.18657975995457535,0.3155435175448613,0.026782209999530116,0.010000000000000033
23.27,0.06258484554876598,0.45825475053559583,0.1318964662994007,0.18657946952208013,0.31554240565219377,0.026782105198491644,0.010000000000000033
23.28,0.06258924053707814,0.458253328493973,0.1318956458328465,0.18657935950288415,0.3155413688043358,0.026782701135323505,0.010000000000000033
23.29,0.06258856361277727,0.4582522760977995,0.13189496826142016,0.18657928966922482,0.3155400951165901,0.026782671519751514,0.010000000000000033
23.3,0.06258721913755483,0.458251350000413,0.13189437465895792,0.18657915971279523,0.31553891869147627,0.02678262255355416,0.010000000000000033
23.31,0.06258600621761137,0.4582503049905472,0.13189376260962676,0.18657896352197723,0.3155379650224715,0.026783139973088982,0.010000000000000033
23.32,0.06258477427534662,0.4582494621850292,0.131893199457818,0.1865786856381406,0.3155370596954152,0.02678316900574722,0.010000000000000033
23.330000000000002,0.06258787091569767,0.4582482559606647,0.13189249569498065,0.18657857765478886,0.3155360062693239,0.026783889899682715,0.010000000000000033
23.34,0.06258739383625125,0.45824738141906196,0.1318919332737902,0.1865785522974178,0.3155346232327831,0.026783824813615402,0.010000000000000033
23.35,0.0625861809659338,0.45824651983980985,0.131891394027853,0.18657843474758945,0.3155334665361302,0.026783752728496257,0.010000000000000033
23.36,0.06258471567504531,0.45824587057449473,0.13189088837707913,0.186578083093393,0.3155326904336054,0.026784036501575365,0.010000000000000033
23.37,0.0625852336789674,0.458245092939136,0.13189031198255097,0.18657782801875109,0.31553179714941826,0.026784477218488298,0.010000000000000033
23.38,0.06258459790445087,0.4582443967075984,0.13188982396867957,0.18657770303055812,0.3155305675346749,0.026784448246503383,0.010000000000000033
23.39,0.0625831058967897,0.458244103319772,0.13188941005648058,0.18657725767412833,0.3155297365197868,0.02678441046420482,0.010000000000000033
23.400000000000002,0.06258386452005921,0.45824334536823264,0.13188881859980486,0.1865769990782768,0.31552887366125965,0.0267854235550089,0.010000000000000033
23.41,0.0625833913262257,0.45824243711222434,0.13188824242633118,0.18657695269639313,0.3155277332692987,0.026785393171352395,0.010000000000000033
23.42,0.06258258044618252,0.4582413619704121,0.13188762441438828,0.1865768860607953,0.31552676261264617,0.026785466744885026,0.010000000000000033
23.43,0.06258130584402084,0.45824092784002807,0.1318871232313049,0.18657651497527222,0.3155260402296853,0.026785462843689257,0.010000000000000033
23.44,0.06258345165151644,0.4582403057605305,0.1318865624534491,0.1865763417684178,0.31552504087310285,0.0267862882662395,0.010000000000000033
23.45,0.0625831452744706,0.4582394357434969,0.13188600619709298,0.18657646556112195,0.3155238389456143,0.026786287508545892,0.010000000000000033
23.46,0.06258228902581038,0.4582383164529321,0.13188537605866832,0.18657642907581184,0.3155229273056435,0.026786605235142875,0.010000000000000033
23.47,0.06258188160376461,0.458237357283717,0.1318847273779116,0.1865763017306092,0.3155221281900694,0.0267867767932691,0.010000000000000033
23.48,0.06258274324348745,0.4582366337142907,0.13188415009072604,0.1865762585681541,0.31552102338412996,0.026786961442144878,0.010000000000000033
23.490000000000002,0.06258577470997025,0.4582356448774536,0.13188353096372868,0.18657675414635608,0.31551974837189234,0.026787584673841406,0.010000000000000033
23.5,0.06258542017467643,0.45823459411620704,0.13188292603742344,0.18657686777709512,0.3155185701528086,0.02678760769458921,0.010000000000000033
23.51,0.06258410571259473,0.45823372289630854,0.13188237132656275,0.1865767256174184,0.31551765674456816,0.026787701552025433,0.010000000000000033
23.52,0.06258895842895809,0.4582320823894492,0.13188158625456364,0.18657733231177764,0.31551669482123956,0.026789090392919178,0.010000000000000033
23.53,0.06258823881311168,0.45823105549794524,0.13188101837047622,0.18657763930085264,0.3155153909644538,0.026788892161149967,0.010000000000000033
23.54,0.06258684228152975,0.45823010592144353,0.13188053052093282,0.18657763559762286,0.31551425394517396,0.026788676944122982,0.010000000000000033
23.55,0.06258551950658436,0.45822899955941054,0.13188000590997165,0.1865775261471806,0.3155133782321779,0.02678908404283798,0.010000000000000033
23.56,0.06258395746149245,0.4582283771291725,0.1318795987810901,0.1865772813594676,0.3155125747534308,0.02678904082051947,0.010000000000000033
23.57,0.06258479458364903,0.45822765911281294,0.13187913981370733,0.18657717283013076,0.31551159467817314,0.026789460156098052,0.010000000000000033
23.580000000000002,0.06258417349740417,0.45822681811965904,0.1318786946301732,0.18657750204731374,0.3155104132645538,0.026789484936171313,0.010000000000000033
23.59,0.06258304688116001,0.4582258890611656,0.13187821084135704,0.1865774767046556,0.3155095325193398,0.026789775086308937,0.010000000000000033
23.6,0.06258835805092466,0.45822422870398644,0.13187746391667812,0.18657821206555716,0.3155086290267439,0.02679105562638387,0.010000000000000033
23.61,0.06258776029140356,0.45822320228032193,0.13187692992265782,0.1865787439356083,0.3155072682189864,0.02679084498689598,0.010000000000000033
23.62,0.06258644763605613,0.4582222860081064,0.13187648445684824,0.18657881661128095,0.3155060823297956,0.026790641160552606,0.010000000000000033
23.63,0.06258520285999832,0.4582211545677911,0.13187598077870527,0.18657876165004675,0.31550520846537167,0.026791165921550758,0.010000000000000033
23.64,0.0625837144781572,0.45822047246672387,0.131875569040483,0.18657857115916032,0.31550442101264337,0.026791098627897126,0.010000000000000033
23.650000000000002,0.06258480874437279,0.45821971421380364,0.1318751090585324,0.18657853926731954,0.3155034466493616,0.026791372477539082,0.010000000000000033
23.66,0.06258421325347367,0.458218889657506,0.13187469347707642,0.18657899428455238,0.3155022508494186,0.026791404421974797,0.010000000000000033
23.67,0.06258296915286764,0.4582181166098107,0.13187426169938635,0.18657891945386965,0.31550141774949964,0.026791723333051992,0.010000000000000033
23.68,0.0625841425293295,0.4582171198570084,0.13187370008817395,0.18657888939701595,0.3155006153569841,0.026792314363549615,0.010000000000000033
23.69,0.06258352696238693,0.45821632540668816,0.1318732389498489,0.18657926407795508,0.31549948337319794,0.02679226580151212,0.010000000000000033
23.7,0.06258386780568749,0.4582152481310072,0.13187269302443105,0.18657954270041818,0.3154985088348522,0.02679282542998761,0.010000000000000033
23.71,0.06258353967456622,0.4582142841545038,0.13187217578964677,0.18657981694104875,0.3154975064968831,0.026792839538122018,0.010000000000000033
23.72,0.0625848831513794,0.4582131292346048,0.13187159301528475,0.18658033907723975,0.31549645332087684,0.02679332090605642,0.010000000000000033
23.73,0.06258451531979346,0.4582120922751588,0.13187107022398947,0.18658079194307836,0.31549531532418285,0.026793348723331244,0.010000000000000033
23.740000000000002,0.0625831884455514,0.4582114427227555,0.13187065977508938,0.18658066390017075,0.315494401617131,0.0267933156634387,0.010000000000000033
23.75,0.06258435929762439,0.45821049944203707,0.13187011994699724,0.18658060475248137,0.31549357364253994,0.026794252520312575,0.010000000000000033
23.76,0.06258373813306112,0.45820954053964985,0.13186963836396112,0.1865811974862359,0.3154924964042894,0.02679421740699228,0.010000000000000033
23.77,0.06258262277818251,0.4582086411970665,0.13186917331700665,0.186581269058971,0.31549158939034094,0.02679413893244792,0.010000000000000033
23.78,0.06258842197900272,0.45820691995306595,0.1318684327536873,0.18658238551277417,0.315490646338197,0.026795799768730692,0.010000000000000033
23.79,0.06258782528360958,0.4582058039255654,0.13186791490366934,0.1865830242214119,0.3154893340757846,0.02679556209305865,0.010000000000000033
23.8,0.06258647744345044,0.45820480866974433,0.13186747663983603,0.18658312303584842,0.3154881826727805,0.026795283582214644,0.010000000000000033
23.81,0.06258525829552948,0.45820361540092297,0.1318670045520006,0.1865832354990847,0.31548731588037215,0.026795700443628077,0.010000000000000033
23.82,0.0625839586793312,0.4582026555912804,0.13186659483323016,0.18658323874463353,0.3154864900874403,0.026795724144595877,0.010000000000000033
23.830000000000002,0.06258872135944102,0.4582012428878225,0.1318660162173344,0.1865844011071779,0.31548544048205174,0.026796627063500313,0.010000000000000033
23.84,0.06258808491620578,0.4582002068827678,0.13186558392182238,0.18658513546145059,0.31548408081705204,0.026796523683701404,0.010000000000000033
23.85,0.06258673745787255,0.45819915186234256,0.13186518322100513,0.186585244934904,0.31548297145045334,0.02679642306701747,0.010000000000000033
23.86,0.06258550274457564,0.45819792765709844,0.13186472653378348,0.18658536904647013,0.3154821329635424,0.026796975946168623,0.010000000000000033
23.87,0.06258424508397248,0.45819697849075297,0.13186431583050368,0.18658540274915122,0.3154812937418881,0.026796977357455336,0.010000000000000033
23.88,0.06258823655978946,0.4581956330036613,0.1318637839235067,0.1865865242335283,0.3154802782410672,0.026797622983092188,0.010000000000000033
23.89,0.06258766257240408,0.4581945853213686,0.13186336397100443,0.1865873445008346,0.3154789396698686,0.02679756943637124,0.010000000000000033
23.900000000000002,0.06258640405398991,0.45819353201017726,0.13186296473524492,0.1865874916259355,0.31547785211815,0.026797519838348393,0.010000000000000033
23.91,0.06258511894757435,0.4581924284400294,0.13186253066700354,0.18658748290282712,0.31547706183454133,0.026798113594386757,0.010000000000000033
23.92,0.06258492292592224,0.45819124295194597,0.13186203079491618,0.18658792527185283,0.3154762275573695,0.02679817380449809,0.010000000000000033
23.93,0.06258453281673028,0.4581903707294195,0.1318616577253482,0.18658863502647047,0.31547505210897875,0.02679814959691811,0.010000000000000033
23.94,0.06258399213309583,0.4581896562464738,0.13186130936061768,0.18658870468317476,0.31547403319540573,0.02679844616416378,0.010000000000000033
23.95,0.06258377458755798,0.45818885306535545,0.13186089077941418,0.18658866827687573,0.3154732004874592,0.02679879648762412,0.010000000000000033
23.96,0.06258373230258658,0.458188208575729,0.13186049291130184,0.18658883683523184,0.3154722546602846,0.026798819162731153,0.010000000000000033
23.97,0.06258860759953945,0.4581872190295369,0.13185997964674467,0.1865899046356852,0.3154711369489026,0.026799767803062473,0.010000000000000033
23.98,0.06258812381612787,0.45818620752991723,0.13185950552177877,0.18659053218093027,0.3154700116450087,0.02679973218689827,0.010000000000000033
23.990000000000002,0.06258735323527276,0.45818496157731686,0.13185896502777877,0.18659071948017456,0.31546916628529004,0.02679988349136823,0.010000000000000033
24.0,0.06258629054717446,0.458183962840348,0.1318584845996639,0.18659090752997623,0.3154683222095044,0.026800041832663934,0.010000000000000033
24.01,0.06259005161200264,0.4581823865288672,0.13185785376913833,0.18659237647982232,0.3154672923803422,0.026801137580527573,0.010000000000000033
24.02,0.06258917128495975,0.45818116634409556,0.13185736905278714,0.18659302483795873,0.31546610855371204,0.026801020203119287,0.010000000000000033
24.03,0.06258769435961647,0.45817996035614716,0.13185692863629478,0.18659324798281515,0.31546513845389534,0.026800909426462335,0.010000000000000033
24.04,0.06258640633782905,0.4581786694268065,0.13185647794494215,0.1865935461321863,0.3154643286329872,0.02680138683860159,0.010000000000000033
24.05,0.06258529414420526,0.45817748226416244,0.13185606003684264,0.18659413224707308,0.3154634457004797,0.02680141840623709,0.010000000000000033
24.060000000000002,0.06258437948961067,0.4581763584717114,0.1318556640799971,0.18659467269401245,0.315462477790719,0.0268015137832255,0.010000000000000033
24.07,0.06258358953580884,0.4581751751722993,0.13185525549195834,0.1865952166922942,0.3154615181852458,0.02680190060785814,0.010000000000000033
24.080000000000002,0.06258289869827213,0.45817396876986816,0.13185484155340207,0.18659570551804153,0.31546060317719415,0.02680195510170108,0.010000000000000033
24.09,0.06258229475812495,0.45817279899418467,0.1318544332025312,0.18659625120777862,0.31545967170239425,0.026802346303766135,0.010000000000000033
24.1,0.06258174964285546,0.4581717196578527,0.13185402102763757,0.18659673001004812,0.31545870925905867,0.02680239776099064,0.010000000000000033
24.11,0.06258107260047785,0.45817093631460776,0.13185367283640434,0.18659675929280142,0.3154578281379836,0.026802488240623555,0.010000000000000033
24.12,0.0625836489751407,0.4581700405498064,0.13185324431090636,0.1865973026138603,0.31545691251886976,0.02680325818360346,0.010000000000000033
24.13,0.06258363002845077,0.458169329785289,0.13185287919187635,0.18659768285808753,0.3154558411681821,0.026803191160633746,0.010000000000000033
24.14,0.06258365406927882,0.458168585905216,0.1318524920232851,0.1865979955273732,0.31545485113020627,0.026803311730343324,0.010000000000000033
24.150000000000002,0.06258374653364075,0.4581678018764683,0.13185208131043513,0.18659841497671628,0.3154538916753777,0.02680371907665899,0.010000000000000033
24.16,0.06258374861663527,0.45816697993910666,0.13185165793979095,0.186598873385132,0.31545293326247065,0.026803773535973012,0.010000000000000033
24.17,0.06258372087397518,0.4581661231283764,0.13185122202481045,0.18659926587686568,0.31545200133886353,0.02680434144349828,0.010000000000000033
24.18,0.06258368349058144,0.45816523897306094,0.13185077636822787,0.18659975786135558,0.3154510934184919,0.02680440044224312,0.010000000000000033
24.19,0.06258363088334043,0.4581643385232599,0.1318503257786801,0.18660016660250178,0.3154501998152115,0.026804804321174335,0.010000000000000033
24.2,0.06258356629561788,0.4581634471707617,0.13184988573763426,0.18660060961364383,0.31544929976919717,0.026804965989084186,0.010000000000000033
24.21,0.06258349148055029,0.45816252692682674,0.1318494429697279,0.18660112853802285,0.31544840716009775,0.026805336900452757,0.010000000000000033
24.22,0.06258341808471257,0.4581615891712536,0.13184899374029338,0.18660154648201444,0.31544751220177164,0.026805543568066227,0.010000000000000033
24.23,0.06258332811753842,0.45816066727959515,0.13184854045882544,0.18660205479860004,0.3154466248569636,0.026805940335132804,0.010000000000000033
24.240000000000002,0.06258322996237783,0.4581597230896031,0.13184809652419816,0.18660254070201016,0.3154457470326111,0.026806011118788893,0.010000000000000033
24.25,0.06258312840200599,0.4581587717043348,0.13184763906918326,0.18660308008867565,0.31544485992503424,0.02680652101196834,0.010000000000000033
24.26,0.06258301400030658,0.4581577992392833,0.13184717578142963,0.18660356910032896,0.31544397792513934,0.026806564585742963,0.010000000000000033
24.27,0.06258289621960834,0.4581568256831705,0.1318467122630352,0.18660404665340322,0.31544310448347174,0.026807161950852938,0.010000000000000033
24.28,0.06258277961034721,0.4581558512736556,0.13184625985172652,0.1866045931832971,0.31544222096964514,0.02680718726740487,0.010000000000000033
24.29,0.06258265372868865,0.4581548594678507,0.1318458090501374,0.18660509405701087,0.3154413419165338,0.02680758875203948,0.010000000000000033
24.3,0.0625825181233141,0.4581538707463783,0.13184535522289137,0.18660570872061832,0.3154404708911391,0.02680770616346289,0.010000000000000033
24.310000000000002,0.06258237958247932,0.45815286900558744,0.13184489835979946,0.18660623166953988,0.3154396021758924,0.026808181817259087,0.010000000000000033
24.32,0.0625822311902034,0.4581518519074283,0.13184445131609576,0.1866067905790409,0.3154387385348263,0.02680821959573342,0.010000000000000033
24.330000000000002,0.06258208419871603,0.45815084029473196,0.13184400436351293,0.1866073712913416,0.31543786085169684,0.026808788279558866,0.010000000000000033
24.34,0.06258116099274426,0.4581501902096685,0.1318436762768516,0.18660738032304292,0.31543705801091015,0.026808688701224912,0.010000000000000033
24.35,0.06258331104671534,0.45814921243241546,0.13184322966548803,0.1866081674338788,0.31543622094684304,0.026809469780145055,0.010000000000000033
24.36,0.06258283631972396,0.4581479727638634,0.131842757294618,0.18660924060561634,0.31543528363576184,0.02680947975733416,0.010000000000000033
24.37,0.06258199747240634,0.45814649520907474,0.13184224730988814,0.18660996455463985,0.3154344546872594,0.02680991549197442,0.010000000000000033
24.38,0.06258129551934162,0.45814507777958857,0.13184175121719116,0.1866107776963948,0.3154336348492235,0.026809960508304104,0.010000000000000033
24.39,0.06258072037700828,0.458143816919475,0.13184130684836165,0.18661154902907534,0.3154326971811034,0.026810256994071663,0.010000000000000033
24.400000000000002,0.06258025351119384,0.45814259749502767,0.1318408878302212,0.1866122688579072,0.31543172500864325,0.02681036322324157,0.010000000000000033
24.41,0.06257983745332031,0.4581413340222009,0.13184047382608105,0.18661297510793634,0.3154307963555377,0.026810812395353333,0.010000000000000033
24.42,0.06257947830495562,0.45814007632426407,0.13184006739131693,0.186613738971186,0.3154298549531473,0.02681085914064689,0.010000000000000033
24.43,0.06257917752171606,0.4581388493402451,0.1318396693929371,0.18661447598634412,0.3154288843792573,0.026811170718141705,0.010000000000000033
24.44,0.0625789318969688,0.45813763435075927,0.13183927720796476,0.18661519035411345,0.3154279064786688,0.026811304343802928,0.010000000000000033
24.45,0.06257871427347364,0.45813642433436563,0.13183887454092785,0.18661590372164516,0.31542693585494375,0.026811664701789743,0.010000000000000033
24.46,0.0625785178199646,0.4581352232096789,0.13183848521147631,0.1866165416855022,0.31542596954689595,0.026811765888633488,0.010000000000000033
24.47,0.06257828226432811,0.45813412873880194,0.13183811202069512,0.1866170993634549,0.31542501207327084,0.026812137977748098,0.010000000000000033
24.48,0.06257879178478239,0.4581332494480522,0.13183776273790834,0.18661732780000276,0.3154241179915044,0.026812151116842566,0.010000000000000033
24.490000000000002,0.06258149154678783,0.4581324995079802,0.13183743324509473,0.18661788870180243,0.31542313130945177,0.026812561758067736,0.010000000000000033
24.5,0.0625821785358144,0.45813179823512806,0.13183710724819686,0.18661852384111766,0.31542203999710605,0.026812589577787073,0.010000000000000033
24.51,0.06258289743391444,0.45813099230501736,0.13183674987451294,0.18661917010478996,0.31542104987406244,0.026813124849636102,0.010000000000000033
24.52,0.06258296181131906,0.45813007598972616,0.1318363477344268,0.1866196986806572,0.3154201597978263,0.02681317920219661,0.010000000000000033
24.53,0.06258293686536558,0.45812913616373274,0.13183594475466562,0.18662033691614252,0.31541927148259213,0.026813744516788605,0.010000000000000033
24.54,0.06258292064198118,0.4581281984956411,0.13183555013522258,0.1866210183386052,0.31541834894938453,0.026813761711486868,0.010000000000000033
24.55,0.06258287345808566,0.45812725351397793,0.13183515924989472,0.18662164186498623,0.31541743671012645,0.026814200636142663,0.010000000000000033
24.560000000000002,0.06258279942860993,0.4581262796374917,0.1318347443217867,0.18662223826206373,0.31541656092592923,0.026814255222128266,0.010000000000000033
24.57,0.06258272158252391,0.4581252831015373,0.1318343311414104,0.18662290250478408,0.3154156809544978,0.026814829467550993,0.010000000000000033
24.580000000000002,0.06258263762604878,0.4581242906706763,0.13183391324688593,0.186623529715421,0.3154147877168594,0.02681484896809326,0.010000000000000033
24.59,0.06258254430254015,0.45812328087557186,0.13183350002933353,0.18662419831742325,0.31541390068994646,0.026815274704111155,0.010000000000000033
24.6,0.06258242281032232,0.4581222561751282,0.13183308169308808,0.18662482588483556,0.3154130273980365,0.026815366667203234,0.010000000000000033
24.61,0.06258229719829163,0.4581212210743127,0.13183266809209296,0.18662549462652767,0.31541216218896634,0.026815944589719264,0.010000000000000033
24.62,0.06258217417606911,0.45812017781834824,0.13183224942301022,0.18662618394668842,0.31541129824300385,0.026815958654493054,0.010000000000000033
24.63,0.06258204127468005,0.4581191281677591,0.13183183553308833,0.18662681827980013,0.3154104214236985,0.026816402887833952,0.010000000000000033
24.64,0.06258190175652349,0.45811806835664065,0.13183143062412678,0.18662750509640244,0.31540953077086503,0.02681644816472068,0.010000000000000033
24.650000000000002,0.06258176758233772,0.45811700120109206,0.13183101760070387,0.18662827336400872,0.31540866079121443,0.026817034354277024,0.010000000000000033
24.66,0.06258085122256372,0.4581163030027059,0.13183071799838575,0.18662830441904402,0.3154078774281844,0.026816911359380115,0.010000000000000033
24.67,0.06258332256017607,0.45811526687420595,0.13183030984291086,0.18662922808273819,0.31540705317180057,0.026817647116601173,0.010000000000000033
24.68,0.06258287420175306,0.4581139656477813,0.13182987353648734,0.18663044204163232,0.31540614581707593,0.026817658581766355,0.010000000000000033
24.69,0.0625820462844241,0.4581124569584425,0.1318293958801708,0.18663134705687245,0.31540534350252003,0.026818188617175012,0.010000000000000033
24.7,0.06258137013769323,0.4581109960496431,0.1318289267962056,0.1866321760648376,0.3154045276646638,0.026818205180499037,0.010000000000000033
24.71,0.06258081030429685,0.45810966879135356,0.1318285174374332,0.18663309111902016,0.3154036214193034,0.026818480618229924,0.010000000000000033
24.72,0.06258036146720515,0.45810839502017836,0.13182813403721827,0.18663395044857486,0.31540266840789816,0.026818550274128133,0.010000000000000033
24.73,0.06257996941105005,0.4581070904744486,0.13182776495401372,0.18663471320626612,0.3154017297447659,0.026819090678515425,0.010000000000000033
24.740000000000002,0.06257963593378191,0.4581057856263051,0.1318274001918827,0.1866355200912973,0.3154007946103529,0.02681911097842618,0.010000000000000033
24.75,0.06257936000250086,0.4581045273075324,0.1318270378804942,0.18663635476497498,0.31539983127260623,0.026819395600195094,0.010000000000000033
24.76,0.06257913036916692,0.4581032757361509,0.13182667665686035,0.18663724445377067,0.31539884148363445,0.026819505206524312,0.010000000000000033
24.77,0.06257894100428794,0.4581020276650876,0.13182631289803398,0.18663808789489872,0.31539787269493974,0.026819939506580504,0.010000000000000033
24.78,0.0625787836708016,0.4581007902771855,0.1318259354645206,0.18663892114619185,0.3153969128838563,0.026819975998649784,0.010000000000000033
24.79,0.06257865287349279,0.4580995477306512,0.1318255684942532,0.1866397474895894,0.3153959334747943,0.026820421926842242,0.010000000000000033
24.8,0.06257854346349762,0.45809831172316284,0.1318252064999022,0.1866405849575319,0.3153949524792463,0.02682045031569169,0.010000000000000033
24.810000000000002,0.06257845884702173,0.45809708525189524,0.1318248435782098,0.1866414144609346,0.31539398056850193,0.02682091031991687,0.010000000000000033
24.82,0.06257838598932847,0.458095846253667,0.1318244793846481,0.1866422454802125,0.31539301320602303,0.02682093960139133,0.010000000000000033
24.830000000000002,0.06257832808919346,0.45809461155175885,0.13182411408763206,0.18664301737392114,0.3153920441788254,0.02682138858475366,0.010000000000000033
24.84,0.06257828478661236,0.45809338610256917,0.13182374783327577,0.1866438231903326,0.3153910766813394,0.02682141922710103,0.010000000000000033
24.85,0.06257823211694641,0.45809219788609934,0.13182339580619007,0.18664469419026258,0.31539011582719084,0.02682177937711413,0.010000000000000033
24.86,0.06257807341104878,0.458091173813236,0.13182307252559622,0.18664518358925505,0.31538919128805865,0.02682180549805376,0.010000000000000033
24.87,0.06258637899895599,0.4580897014607003,0.1318225583398425,0.18664660053171395,0.3153882206157239,0.026822941112412367,0.010000000000000033
24.88,0.06258632420582844,0.45808855196535386,0.1318221902358602,0.1866477901535958,0.31538692338323826,0.02682281436005344,0.010000000000000033
24.89,0.06258522671934941,0.45808748539627353,0.13182189263036806,0.18664841747501018,0.3153857955023405,0.026822659264510215,0.010000000000000033
24.900000000000002,0.06258404562644637,0.4580863977074218,0.13182158840306202,0.1866485118200778,0.31538501819920006,0.026823104478849915,0.010000000000000033
24.91,0.06258980839848624,0.45808465043141106,0.13182104256105243,0.18665031646397715,0.3153841577765454,0.026823933576062338,0.010000000000000033
24.92,0.06258920233205734,0.45808346107099013,0.1318207185639779,0.18665152905610083,0.3153828603286409,0.026823768379673478,0.010000000000000033
24.93,0.06258788766703922,0.4580823492650974,0.13182047262149016,0.1866521984657048,0.31538174043476275,0.026823656641192142,0.010000000000000033
24.94,0.0625867442207246,0.4580809580371118,0.13182014890779414,0.18665276707929146,0.31538096323997694,0.02682432207627373,0.010000000000000033
24.95,0.0625857116747388,0.4580795943548577,0.1318198302571427,0.18665354706330026,0.315380172695714,0.02682433379916846,0.010000000000000033
24.96,0.06258488884076471,0.4580783740886678,0.1318195564478633,0.18665448337124343,0.3153792121649801,0.026824285975412945,0.010000000000000033
24.97,0.06258421381397565,0.45807716145151733,0.13181927813465738,0.1866553478155214,0.31537824027191397,0.026824774116434195,0.010000000000000033
24.98,0.06258362459643262,0.4580758609480563,0.13181897389821567,0.1866561645788104,0.3153773247252985,0.026824829245659317,0.010000000000000033
24.990000000000002,0.06258310701958722,0.4580745489586189,0.1318186553749258,0.18665705653982032,0.3153764118753545,0.02682505337718385,0.010000000000000033
25.0,0.06258267155146931,0.4580732900453325,0.13181834429123063,0.18665792691655184,0.3153754655440725,0.026825240946681154,0.010000000000000033
25.01,0.0625823091685581,0.45807203448255107,0.1318180146871559,0.18665875979653898,0.3153745103951724,0.026825505996018108,0.010000000000000033
25.02,0.062581995135763,0.45807076682017717,0.1318176717148573,0.1866595905585754,0.3153735762228582,0.0268256991254797,0.010000000000000033
25.03,0.06258171609156374,0.4580695096772418,0.13181732389452344,0.18666042360699553,0.3153726447669028,0.02682595940215906,0.010000000000000033
25.04,0.0625814535230509,0.45806829664698206,0.13181698936613823,0.1866611733087453,0.31537170515198476,0.02682603454135197,0.010000000000000033
25.05,0.06258103870695968,0.45806736540959064,0.13181671566791217,0.18666134574455692,0.31537081280767454,0.026826167281452776,0.010000000000000033
25.060000000000002,0.06258403153494413,0.458066429790696,0.1318164000799905,0.18666214225330838,0.3153699111165424,0.026826807090601177,0.010000000000000033
25.07,0.0625837053098044,0.4580658663209374,0.1318161934292495,0.18666244122738834,0.3153688897336809,0.02682668668656929,0.010000000000000033
25.080000000000002,0.06258683511760457,0.4580649391432113,0.13181586554021676,0.18666348990100934,0.31536792474762615,0.026827249398805264,0.010000000000000033
25.09,0.06258640642948879,0.45806369529409297,0.13181547592283793,0.18666463247712817,0.3153669846772846,0.026827304340876917,0.010000000000000033
25.1,0.06258535242961605,0.45806235372648463,0.13181506619692815,0.1866653272243349,0.31536619871013377,0.026827653002641776,0.010000000000000033
25.11,0.06258488686641671,0.4580612073401657,0.13181469874020388,0.18666579513602571,0.31536544235676084,0.026827777095957926,0.010000000000000033
25.12,0.06258561757400972,0.45806023342132635,0.13181438386931893,0.18666671802552498,0.31536448331137146,0.0268279924658757,0.010000000000000033
25.13,0.06259075413195363,0.4580587939546189,0.1318139244812485,0.18666842604083075,0.31536335818993605,0.02682883832782597,0.010000000000000033
25.14,0.0625901886724262,0.4580574510133327,0.13181353263049064,0.18666946866234088,0.3153622245199883,0.026828799850515894,0.010000000000000033
25.150000000000002,0.06258896934191299,0.45814123638852355,0.13200974731585047,0.18707043135241652,0.3151254294919016,0.026776842888512842,0.010000000000000033
25.16,0.0630698860159477,0.45811786569616986,0.13196239941994262,0.18699703040182408,0.31533738098061176,0.0268246893781097,0.010000000000000033
25.17,0.06299758279018079,0.458095592502686,0.13191153440237804,0.18688449639835641,0.3157281173101433,0.026823262945473755,0.010000000000000033
25.18,0.06293242040223893,0.45823425095738557,0.13196602442401523,0.18682263615434877,0.31572722426040606,0.02679808979470763,0.010000000000000033
25.19,0.0628951523659286,0.45837041809362705,0.13206609506044475,0.1868018993225733,0.3156696296827742,0.026773421132048628,0.010000000000000033
25.2,0.06286216866103875,0.45837520852758834,0.13206067849851044,0.18679191870404235,0.31565895564535595,0.02676919543628163,0.010000000000000033
25.21,0.06282447213897233,0.45835017474973505,0.13204308432298742,0.18678340208391847,0.3157025965787607,0.026791383790638817,0.010000000000000033
25.22,0.06279141816666121,0.45833812479831443,0.13203397810466214,0.1867787098376901,0.31570994877959263,0.02678903665938455,0.010000000000000033
25.23,0.0627688739955727,0.45834383410055085,0.13203491219057495,0.18677730720527372,0.3156993261260936,0.026781659625109703,0.010000000000000033
25.240000000000002,0.06275079149808838,0.4583438411164643,0.13203464005780122,0.18677598388282307,0.31569371837265825,0.026777772273218238,0.010000000000000033
25.25,0.06273372830107123,0.4583395712339915,0.1320328386309573,0.18677379666996952,0.31569482201242216,0.026776094335584984,0.010000000000000033
25.26,0.06271892671397915,0.45833754605570626,0.13203146415251268,0.18677157198301225,0.3156939236890372,0.026774752094140153,0.010000000000000033
25.27,0.0627070189912024,0.45833799335879083,0.13203084154606792,0.18676954244239943,0.3156908922905976,0.026773304150847475,0.010000000000000033
25.28,0.06269684671338374,0.4583376843344959,0.13203017378347748,0.1867673474873544,0.31568847933216937,0.026772030291758512,0.010000000000000033
25.29,0.06268770351948458,0.458336920229352,0.13202925304192856,0.18676487742779013,0.3156868756716661,0.02677100085839678,0.010000000000000033
25.3,0.06268006934327687,0.4583367231232277,0.13202833125476257,0.18676228705106399,0.31568499290747865,0.02677003669548266,0.010000000000000033
25.310000000000002,0.06267353799436783,0.45833791757170717,0.1320275681035657,0.18675959557549932,0.3156827258449771,0.026769050233336703,0.010000000000000033
25.32,0.06266850736775131,0.45833808970452883,0.1320265967624352,0.18675695261383482,0.3156806845097432,0.026768211787460937,0.010000000000000033
25.330000000000002,0.06266354153763208,0.4583376094686573,0.13202541026904754,0.18675430027813614,0.31567901702790274,0.026767516750775988,0.010000000000000033
25.34,0.06265860204589677,0.4583372433127372,0.1320240836076883,0.18675139791430426,0.3156778340619121,0.026766911443274127,0.010000000000000033
25.35,0.06265500060411529,0.4583367738472574,0.13202258232813363,0.18674850264472678,0.3156767236293354,0.026766415052572195,0.010000000000000033
25.36,0.06265108891497267,0.4583369756916293,0.13202117999999657,0.18674546075744758,0.31567555616651877,0.026765887205545427,0.010000000000000033
25.37,0.0626482464679419,0.45833647393602833,0.13201952464029607,0.18674242138877248,0.3156747177431326,0.02676550597259919,0.010000000000000033
25.38,0.06264511141285195,0.45833556525768787,0.13201773529060712,0.1867394496745913,0.3156740325115321,0.026765215364924894,0.010000000000000033
25.39,0.06264167412498228,0.4583348248910566,0.1320158920875812,0.18673633141622278,0.31567366097871496,0.02676493643342968,0.010000000000000033
25.400000000000002,0.06263930177306774,0.4583340107245158,0.1320139503215777,0.1867332605305088,0.3156733005832268,0.02676473280634388,0.010000000000000033
25.41,0.06263628985855443,0.4583341347662692,0.13201225077823872,0.1867300663508674,0.31567274848353727,0.026764430436980024,0.010000000000000033
25.42,0.06263433580606785,0.45833356533611913,0.1320103893747542,0.18672704083145963,0.3156722328803404,0.026764246557255823,0.010000000000000033
25.43,0.06263213348706449,0.45833258079985856,0.13200847052074272,0.1867242009882106,0.31567166344693925,0.0267641133432277,0.010000000000000033
25.44,0.06262991281395144,0.45833143732485965,0.1320065133576856,0.18672146224223718,0.31567111314850027,0.02676401805189008,0.010000000000000033
25.45,0.06262912378599883,0.45832992246442944,0.13200442773705406,0.18671894264370228,0.31567037560280037,0.02676403455253096,0.010000000000000033
25.46,0.06262849928741106,0.4583295829695523,0.1320026338810057,0.1867162253256463,0.31566946993441647,0.026763897443586152,0.010000000000000033
25.47,0.06262692725113927,0.45832955793452884,0.13200111603262996,0.18671365246625352,0.3156680271367546,0.026763642786264977,0.010000000000000033
25.48,0.06262497667357525,0.45832920870940846,0.13199957146329583,0.1867110738957394,0.31566688909144297,0.026763435308260024,0.010000000000000033
25.490000000000002,0.0626245279409432,0.45832812035762227,0.13199777411799302,0.18670868341978739,0.31566580823849466,0.026763400357773522,0.010000000000000033
25.5,0.0626234341980014,0.4583277246320119,0.1319962659492489,0.1867064502892441,0.315664094033459,0.02676324396045028,0.010000000000000033
25.51,0.06262186703181513,0.4583276261620763,0.13199491049553408,0.1867041340483169,0.3156625306847765,0.02676302449523122,0.010000000000000033
25.52,0.06262154694992014,0.45832673286210157,0.13199327995107585,0.18670183075588576,0.31566134249573263,0.02676298326859342,0.010000000000000033
25.53,0.06262061192713385,0.4583262472584323,0.13199180788193068,0.18669963722478164,0.31565982175512236,0.026762889579447995,0.010000000000000033
25.54,0.06261916198276835,0.45832603212868633,0.13199045731548534,0.1866973545448046,0.31565842335148164,0.026762740051811965,0.010000000000000033
25.55,0.0626187118102414,0.45832520713921565,0.13198887659951727,0.18669504208756535,0.315657359795776,0.026762785729290087,0.010000000000000033
25.560000000000002,0.06261775318620061,0.4583246690026366,0.13198741026476934,0.18669281168424143,0.3156561189789421,0.026762736238562183,0.010000000000000033
25.57,0.06261607940642998,0.4583247686041048,0.1319861112590881,0.18669031931218757,0.31565504438980224,0.026762593165264307,0.010000000000000033
25.580000000000002,0.06261540207510838,0.45832433758554264,0.13198463558254575,0.18668789910879,0.31565416568545523,0.02676267715746,0.010000000000000033
25.59,0.06261435677677589,0.4583236639403567,0.13198315566087038,0.1866856544309015,0.31565313232164527,0.02676267801482469,0.010000000000000033
25.6,0.06261380660204512,0.4583224067042522,0.13198151162396998,0.1866835646230574,0.3156522455629988,0.026763316499809595,0.010000000000000033
25.61,0.06262061297533765,0.45832192402543065,0.13197980426525222,0.18668099008263453,0.31565193456982554,0.02676330738735951,0.010000000000000033
25.62,0.0626196600783002,0.4583218559425034,0.13197847122062276,0.18667884423332903,0.31565055755936894,0.026763129560074417,0.010000000000000033
25.63,0.06261785439619615,0.45832117957206914,0.13197711521066172,0.1866768924403788,0.3156492447868013,0.026763055176033616,0.010000000000000033
25.64,0.06261834566714163,0.45831987952660336,0.13197544122720203,0.18667474563024902,0.3156487160052263,0.026764095035358107,0.010000000000000033
25.650000000000002,0.06261688105936015,0.45831931387160735,0.13197408826738466,0.18667284983263915,0.3156473947737872,0.026763970961023842,0.010000000000000033
25.66,0.0626148484605172,0.4583190104164051,0.1319729326418866,0.18667100856052224,0.3156458608075966,0.02676366237575162,0.010000000000000033
25.67,0.06261282594948436,0.45831850779010713,0.13197173502374657,0.186669034504892,0.31564477472504593,0.026763494719617295,0.010000000000000033
25.68,0.06261231727382266,0.45831739334327604,0.13197032048846974,0.1866672281709427,0.31564368274323046,0.02676398695578258,0.010000000000000033
25.69,0.0626112224199483,0.45831688429273926,0.1319691485813335,0.1866655747266825,0.31564200308982027,0.026763894004784072,0.010000000000000033
25.7,0.06260972728304995,0.45831652217619717,0.13196805840425616,0.18666383970531275,0.31564051816056893,0.026763732519773605,0.010000000000000033
25.71,0.0626079048157045,0.4583164310815336,0.13196698763871978,0.18666175299280516,0.315639548898601,0.0267636196069425,0.010000000000000033
25.72,0.06260720955580194,0.45831614037406326,0.13196583730548914,0.18665983450080922,0.3156384392439007,0.026763721038732566,0.010000000000000033
25.73,0.06260625569537742,0.45831579769881503,0.13196475898861865,0.1866581324764831,0.31563695147291004,0.026763714733074213,0.010000000000000033
25.740000000000002,0.0626049874092665,0.45831529157626294,0.131963630923733,0.1866563648950891,0.31563580641730393,0.026763912032485657,0.010000000000000033
25.75,0.06260774778956033,0.4583139679736905,0.1319621894912053,0.1866547617332445,0.31563476427689324,0.02676496991635194,0.010000000000000033
25.76,0.06260709726111227,0.45831331081790955,0.13196098686397953,0.1866532699369513,0.31563324891141714,0.02676488445550917,0.010000000000000033
25.77,0.06260566515782268,0.458312824542618,0.1319598870703035,0.18665166814347706,0.3156319214774548,0.026764675192890417,0.010000000000000033
25.78,0.06260396175031654,0.4583125809026534,0.13195882686805888,0.18664974920803495,0.31563107096913023,0.02676457281129558,0.010000000000000033
25.79,0.06260333830188321,0.45831214698971867,0.13195767718150261,0.1866479592520208,0.31563012308154714,0.026764905555310286,0.010000000000000033
25.8,0.06260241725060879,0.4583116777920597,0.13195660217712185,0.18664639031809022,0.31562877825976104,0.026764900362843277,0.010000000000000033
25.810000000000002,0.0626011865250765,0.4583110553441255,0.1319554951796055,0.18664477642416946,0.31562771410491325,0.02676505491005418,0.010000000000000033
25.82,0.06260371628768475,0.45830969862613996,0.1319541159821975,0.18664330868289924,0.3156267665352998,0.026766222485543792,0.010000000000000033
25.830000000000002,0.06260309466680163,0.4583090122396224,0.13195297172928502,0.18664196909676847,0.31562530914907205,0.02676614700805739,0.010000000000000033
25.84,0.0626017547483492,0.458308506607635,0.13195194262436064,0.18664057049205554,0.31562397198956377,0.026765934123482,0.010000000000000033
25.85,0.06260019374186622,0.45830819368330356,0.13195094812697394,0.18663888460471176,0.31562305144613917,0.0267658310903907,0.010000000000000033
25.86,0.06259970315013084,0.4583077264119956,0.13194988378492561,0.18663732224898227,0.3156220062067558,0.026766282911987307,0.010000000000000033
25.87,0.06259888291456248,0.4583073349253278,0.13194892634314093,0.1866359479450223,0.3156205716609025,0.026766265118844515,0.010000000000000033
25.88,0.06259758782310368,0.45830709972707045,0.13194799748555822,0.18663435955927898,0.3156195131412038,0.026766199694775113,0.010000000000000033
25.89,0.06259741728856764,0.4583065623507529,0.1319469397739173,0.1866328650897191,0.3156185060971626,0.026766935911962452,0.010000000000000033
25.900000000000002,0.06259677118860753,0.4583060256468955,0.1319459540131355,0.18663159175022784,0.31561714819357584,0.02676693751712454,0.010000000000000033
25.91,0.06259579052436393,0.4583054963592094,0.13194496792335314,0.18663025583307985,0.31561598438521565,0.026766870099088305,0.010000000000000033
25.92,0.06260047442705695,0.45830412429627704,0.13194370926357482,0.18662913522062494,0.31561486058019356,0.0267682186538227,0.010000000000000033
25.93,0.06260005161170414,0.45830339378230694,0.131942673299348,0.18662807930641964,0.31561332825332294,0.026768146644822084,0.010000000000000033
25.94,0.06259867270730682,0.45830281624533203,0.13194174473394873,0.18662691001061724,0.3156119575812213,0.026767923988103227,0.010000000000000033
25.95,0.06259714909834278,0.458302388805206,0.13194085109257303,0.1866255052556936,0.31561098554710765,0.02676783870048056,0.010000000000000033
25.96,0.06259667652600434,0.45830181303029116,0.13193987676846286,0.18662419021795826,0.3156099544627434,0.02676830636660299,0.010000000000000033
25.97,0.06259581691401161,0.45830141065377794,0.1319390318787563,0.18662299589632347,0.31560861401291507,0.026768295821617074,0.010000000000000033
25.98,0.06259719006401683,0.4583003190975043,0.13193796250344553,0.18662189945993263,0.3156074895594083,0.026769093447620518,0.010000000000000033
25.990000000000002,0.06259660353557488,0.45829942367344456,0.13193696337515207,0.18662087178691664,0.31560622714393066,0.026769095393188936,0.010000000000000033
26.0,0.06259536158174628,0.45829886615142673,0.13193608119729347,0.18661974184833818,0.31560500501766925,0.02676898784778534,0.010000000000000033
26.01,0.06259720883995083,0.45829766736000815,0.13193499452100346,0.1866187107206779,0.3156038994303249,0.02676999039272409,0.010000000000000033
26.02,0.06259657640931382,0.4582968855781915,0.13193405656640655,0.18661776774821653,0.3156024895231588,0.02676995469191071,0.010000000000000033
26.03,0.06259528099444085,0.45829631525381787,0.13193321881924094,0.18661672772055962,0.315601212624071,0.02676980323540153,0.010000000000000033
26.04,0.06259430442075109,0.4582957156807587,0.13193234435135384,0.18661554889018722,0.31560021799171173,0.026769919207057097,0.010000000000000033
26.05,0.06259383212067654,0.458295199315454,0.13193149578564048,0.18661443209701056,0.3155990625274195,0.026770059250041875,0.010000000000000033
26.060000000000002,0.06259297294921912,0.4582951403762659,0.13193080572065707,0.18661327621305837,0.31559774748008984,0.02677002423118803,0.010000000000000033
26.07,0.06259321289927584,0.4582946228757206,0.13192995814203767,0.18661221037101067,0.3155965869769879,0.02677084733544075,0.010000000000000033
26.080000000000002,0.06259248584855857,0.45829376641210545,0.13192905345920375,0.18661125412044874,0.3155954657183269,0.02677090742903423,0.010000000000000033
26.09,0.0625913489256236,0.4582929843178626,0.13192815994121565,0.18661023263087137,0.31559450679747825,0.02677087607290901,0.010000000000000033
26.1,0.0625955971842414,0.4582916347838965,0.13192707961795946,0.18660945973504592,0.3155933542022597,0.026772181935507497,0.010000000000000033
26.11,0.06259514566335987,0.4582908751017396,0.13192621745563005,0.1866087652318945,0.31559179628255063,0.026772067035194462,0.010000000000000033
26.12,0.0625937952240663,0.45829016265206807,0.1319254174415976,0.186607959243108,0.31559051571123853,0.026771882199303123,0.010000000000000033
26.13,0.06259233342882149,0.45828959224318,0.1319246291208048,0.18660692910265486,0.31558959700910405,0.026771852294150626,0.010000000000000033
26.14,0.06259187228537204,0.4582889174485248,0.13192379355875394,0.18660598615956925,0.31558855640198474,0.02677254028453332,0.010000000000000033
26.150000000000002,0.06259084724573656,0.45828874083956334,0.13192317870058606,0.18660501448992878,0.3155872561927069,0.02677243947187832,0.010000000000000033
26.16,0.06259118802600476,0.4582881351371965,0.13192239760826913,0.1866041163263059,0.3155861401886269,0.026772764493960554,0.010000000000000033
26.17,0.06259049296407844,0.45828729548580777,0.13192156457721627,0.18660330515066867,0.3155850206473301,0.02677281240214223,0.010000000000000033
26.18,0.0625893053384523,0.45828666921068056,0.1319207697107412,0.18660236582819592,0.31558408166385066,0.02677312452904043,0.010000000000000033
26.19,0.06258972867593422,0.4582859211140906,0.13191990055520297,0.186601518304203,0.3155831014553152,0.026773639364341954,0.010000000000000033
26.2,0.06258907287265633,0.45828544365283497,0.13191918017536944,0.1866007361738293,0.3155818614235926,0.02677361204259054,0.010000000000000033
26.21,0.06259392391454931,0.45828401793615836,0.13191816771033837,0.18660018997036923,0.3155806827937135,0.026774712560230573,0.010000000000000033
26.22,0.06259343569043191,0.45828300053475335,0.13191729847905517,0.18659966120896124,0.31557935584739993,0.026774646356799863,0.010000000000000033
26.23,0.0625920055137504,0.458282163610091,0.13191652151787803,0.18659903913215134,0.3155781392143111,0.026774510332541756,0.010000000000000033
26.240000000000002,0.06259058505899008,0.45828149752536945,0.13191580133897848,0.18659825309061867,0.31557715725224694,0.026774624486610218,0.010000000000000033
26.25,0.06259381173264675,0.45828012916145705,0.1319148604975658,0.18659773501433527,0.31557600043383255,0.026775779654519303,0.010000000000000033
26.26,0.06259318696041971,0.45827931402446437,0.1319141383394949,0.18659727429715203,0.31557449386341124,0.026775649161998615,0.010000000000000033
26.27,0.06259179284502671,0.4582785243304424,0.13191347339263576,0.1865966853720466,0.3155732496148119,0.026775507539816463,0.010000000000000033
26.28,0.0625902543744943,0.45827787544087994,0.13191281518064665,0.1865958945737204,0.3155723445496133,0.02677558861222692,0.010000000000000033
26.29,0.06258970574816275,0.4582771669075904,0.13191212132106378,0.18659520780159206,0.3155712976219053,0.026776162402387827,0.010000000000000033
26.3,0.06258848959214874,0.4582773665785833,0.1319116716181502,0.1865943613506067,0.31557008672741343,0.026775976278825143,0.010000000000000033
26.310000000000002,0.06258838308518197,0.4582768111466808,0.1319110210331875,0.18659368233956988,0.31556894536476915,0.026776421471389922,0.010000000000000033
26.32,0.06258771703511246,0.4582757789777387,0.13191026585992655,0.18659313878854467,0.3155678574843976,0.02677655711098159,0.010000000000000033
26.330000000000002,0.06258675744101602,0.4582746914973859,0.13190945678353505,0.18659257607302498,0.3155669351060226,0.02677697889441176,0.010000000000000033
26.34,0.06258601175134315,0.45827401101127274,0.13190873460464317,0.18659192044910447,0.31556600322983486,0.026777008580257864,0.010000000000000033
26.35,0.06258583762333572,0.458273710649616,0.13190810120215074,0.1865912599656912,0.31556488311768127,0.02677701259124369,0.010000000000000033
26.36,0.0625895555501696,0.4582731846767881,0.13190740648150498,0.1865907249997819,0.3155636402596273,0.026777854557540413,0.010000000000000033
26.37,0.06258896961085313,0.4582725020800101,0.1319067213566199,0.18659020344521338,0.31556251205298397,0.026777880808928244,0.010000000000000033
26.38,0.06259163120553209,0.4582708316590343,0.1319057229824475,0.18658984338273457,0.3155615881969201,0.02677898841455527,0.010000000000000033
26.39,0.06259083874590154,0.45826974011985383,0.13190492869909012,0.18658955984301828,0.3155602901998962,0.02677887419945821,0.010000000000000033
26.400000000000002,0.06258950638658689,0.45826888344122785,0.13190426697629773,0.18658920944995072,0.3155590191179311,0.026778724186742542,0.010000000000000033
26.41,0.06258823666515738,0.45826786250567414,0.13190357479538492,0.18658876426186283,0.31555802225564916,0.02677916225536971,0.010000000000000033
26.42,0.0625867656851499,0.4582672963125057,0.1319029971663472,0.18658813246450526,0.31555713694299836,0.02677913313980611,0.010000000000000033
26.43,0.06258721397909656,0.4582666541363771,0.1319023661732091,0.18658763927631028,0.3155560699955244,0.026779531238476866,0.010000000000000033
26.44,0.06258664264352379,0.45826593133600324,0.1319017867554301,0.1865872714905262,0.3155547945982807,0.026779559001587575,0.010000000000000033
26.45,0.0625854438800773,0.45826528661500987,0.1319011993804617,0.18658671529849544,0.31555388252834976,0.026779649981118543,0.010000000000000033
26.46,0.06258618353253005,0.45826442135920886,0.13190048803013288,0.18658622788386156,0.3155530076890658,0.026780596151942955,0.010000000000000033
26.47,0.06258567699179014,0.4582636523908876,0.13189987249696788,0.18658591723886153,0.31555174942402375,0.02678053179686058,0.010000000000000033
26.48,0.06258466565017173,0.4582629850520566,0.13189927601010706,0.18658547776068787,0.31555073691552626,0.026780455303766056,0.010000000000000033
26.490000000000002,0.06258570234671375,0.4582620603907876,0.13189855541132453,0.1865850705201008,0.315549827241552,0.02678141232945332,0.010000000000000033
26.5,0.06258500229848524,0.4582615012692443,0.13189799696315999,0.1865846967696461,0.3155486526482624,0.02678126268944613,0.010000000000000033
26.51,0.06258525009769715,0.45826076231235563,0.13189734878326795,0.18658434551403447,0.3155475611640884,0.026781339414668006,0.010000000000000033
26.52,0.062585315883572,0.45825979038089176,0.1318966225523589,0.18658408473109783,0.31554645604671006,0.02678207607152263,0.010000000000000033
26.53,0.06258493384879447,0.4582589618162283,0.13189598211245526,0.18658383632178113,0.31554529157675376,0.026782065808870815,0.010000000000000033
26.54,0.06258766292794292,0.4582576834436394,0.13189519943373584,0.18658366760070993,0.3155441864449091,0.026782775462861806,0.010000000000000033
26.55,0.06258721278739926,0.4582565955680853,0.1318945013698329,0.18658354736938226,0.31554294040253317,0.0267827574727372,0.010000000000000033
26.560000000000002,0.06258602002188486,0.45825570853428105,0.13189390022216863,0.18658332882384196,0.315541810003274,0.02678270269235239,0.010000000000000033
26.57,0.06258527396067641,0.45825488227179056,0.13189329175154527,0.1865829840912178,0.31554089385056344,0.026783193558609197,0.010000000000000033
26.580000000000002,0.06258500717209643,0.4582541408117771,0.1318926995814665,0.1865826893308952,0.31553982133608416,0.026783235159681302,0.010000000000000033
26.59,0.06258432411763803,0.458253815166621,0.13189225534259774,0.18658232292937604,0.31553863433889723,0.02678320194742606,0.010000000000000033
26.6,0.06258553737323659,0.45825305506702346,0.13189165563223634,0.18658203407102733,0.31553757332144616,0.02678417176802446,0.010000000000000033
26.61,0.06258490644148718,0.45825193811069936,0.13189100047783384,0.1865818517766308,0.31553654098072287,0.0267841908231225,0.010000000000000033
26.62,0.06258386525269982,0.45825077271582676,0.13189033066597355,0.18658165594038265,0.31553563262469647,0.026784280815387126,0.010000000000000033
26.63,0.06258249326974268,0.4582503107415582,0.13188982174596997,0.18658122477070208,0.31553480888253393,0.02678425122164409,0.010000000000000033
26.64,0.06258411097066024,0.45824965529194317,0.1318892588056512,0.18658096851094386,0.315533772134682,0.026785054897053535,0.010000000000000033
26.650000000000002,0.06258372241872376,0.4582487247364805,0.13188867205946636,0.18658088170608098,0.3155325844135386,0.02678506270655562,0.010000000000000033
26.66,0.06258283416631955,0.4582475450227011,0.13188801574172215,0.1865807513267737,0.31553166051978165,0.026785429555612847,0.010000000000000033
26.67,0.06258146852968499,0.4582471151042948,0.13188752157277903,0.18658032159439925,0.31553090617593604,0.026785334997169973,0.010000000000000033
26.68,0.06258344811033566,0.4582464684939762,0.13188696412711542,0.1865801192769762,0.3155298551670689,0.02678596385147632,0.010000000000000033
26.69,0.06258313548611705,0.458245562492001,0.13188639139160596,0.18658010663001165,0.315528644467985,0.026786000138174008,0.010000000000000033
26.7,0.06258226657581796,0.4582443888149626,0.13188575087857138,0.1865800242398055,0.31552774102111547,0.026786508705068164,0.010000000000000033
26.71,0.0625818642728975,0.45824338503939027,0.13188509756321626,0.18657986052749745,0.31552691111486164,0.02678656155643075,0.010000000000000033
26.72,0.06258277073684398,0.45824260757619734,0.13188451956619276,0.18657978445878431,0.31552575885688566,0.026786705679408926,0.010000000000000033
26.73,0.0625851836685896,0.45824162065501545,0.13188390458557078,0.1865800084142655,0.3155244689755862,0.026787336485619134,0.010000000000000033
26.740000000000002,0.06258485868381918,0.4582405645072934,0.13188330044883464,0.1865800875738947,0.31552328735852997,0.026787373892433623,0.010000000000000033
26.75,0.06258344481134034,0.4582398277684419,0.1318827842540309,0.18657986842115684,0.3155223906994004,0.026787356125463544,0.010000000000000033
26.76,0.06258436785521876,0.4582388853809069,0.1318821739911336,0.18657971496642609,0.31552149102018423,0.026788352579533336,0.010000000000000033
26.77,0.06258371772611268,0.45823795926344696,0.1318816332240506,0.18657978788743051,0.3155203246733961,0.026788272640041445,0.010000000000000033
26.78,0.06258253716185365,0.45823712934321464,0.13188113729779727,0.18657965704115326,0.31551938017474646,0.026788170853448746,0.010000000000000033
26.79,0.0625833061925397,0.45823609751506333,0.13188053503226943,0.18657955723941058,0.3155184950575399,0.026789122157133242,0.010000000000000033
26.8,0.0625820843059364,0.45823578315811697,0.13188015939574527,0.1865793347237857,0.31551741625254537,0.026788849339207867,0.010000000000000033
26.810000000000002,0.0625836586164989,0.458235045200949,0.1318796497111384,0.18657925976888257,0.31551634064594297,0.026789223924635328,0.010000000000000033
26.82,0.06258314180696298,0.45823389176006923,0.1318790693381867,0.18657953920680218,0.3155152924899558,0.026789402358131025,0.010000000000000033
26.830000000000002,0.06258221687601216,0.4582325645758763,0.13187843947860892,0.18657959842143962,0.31551438281057886,0.026789935272934363,0.010000000000000033
26.84,0.06258119414140766,0.4582316507747842,0.1318778883018045,0.1865795220881487,0.3155134961914566,0.026789898877430742,0.010000000000000033
26.85,0.0625820650506246,0.4582308244246856,0.13187734989620337,0.18657949578962021,0.31551250303511114,0.026790169393552263,0.010000000000000033
26.86,0.06258663825975622,0.4582295968159492,0.1318767055528554,0.18658041313085344,0.3155112530438745,0.02679095393220497,0.010000000000000033
26.87,0.06258615727941653,0.45822846002968437,0.13187614387805946,0.18658081919912975,0.31550994672164207,0.026790911731891666,0.010000000000000033
26.88,0.0625848860902723,0.4582272795349978,0.13187558912883235,0.18658080541576927,0.3155089261289615,0.026791024750076227,0.010000000000000033
26.89,0.06258346870200004,0.45822634359588543,0.13187509361888658,0.18658064173633146,0.31550811070757084,0.026791168708548047,0.010000000000000033
26.900000000000002,0.06258300107404817,0.4582255426449914,0.1318746172152854,0.1865805250061991,0.3155071982080347,0.026791478620318856,0.010000000000000033
26.91,0.06258292191175463,0.45822485802708846,0.1318741941532324,0.18658057629428623,0.3155060297879675,0.026791507628584597,0.010000000000000033
26.92,0.06258285854266779,0.4582240752408376,0.13187373265848695,0.1865807403298263,0.31550489478876614,0.02679204370144923,0.010000000000000033
26.93,0.0625827135197022,0.45822311032547197,0.13187319941968761,0.18658083352903437,0.3155039097315759,0.026792150169638883,0.010000000000000033
26.94,0.06258778865915265,0.45822150050463073,0.13187246216942203,0.18658181462446807,0.3155028904003335,0.02679335951952743,0.010000000000000033
26.95,0.06258712987622712,0.45822029647552054,0.1318718795827263,0.18658232284882617,0.3155016302593848,0.02679321713244744,0.010000000000000033
26.96,0.062585777207319,0.4582191513798384,0.13187137731426374,0.18658238342258782,0.31550053166003644,0.02679306865140254,0.010000000000000033
26.97,0.0625846109351314,0.4582178684348681,0.1318708603948781,0.18658246815967694,0.315499634352391,0.026793722501925767,0.010000000000000033
26.98,0.06258357318726328,0.45821665280729273,0.13187036540103514,0.18658268742989154,0.3154986926387003,0.02679372726241428,0.010000000000000033
26.990000000000002,0.0625827158683366,0.4582155408348524,0.13186991643222004,0.18658307330673152,0.3154976405434321,0.026793751028255743,0.010000000000000033
27.0,0.06258199111114891,0.45821441855687056,0.13186947047225794,0.1865833515586382,0.31549658003173686,0.026794140853964588,0.010000000000000033
27.01,0.0625813567126722,0.4582132417110073,0.1318689979387185,0.18658358059978178,0.3154955802726689,0.026794198249694402,0.010000000000000033
27.02,0.06258079776038597,0.458212081241799,0.13186852883414238,0.186583881253512,0.3154945640561499,0.026794608817354022,0.010000000000000033
27.03,0.06258031985638247,0.4582109527353324,0.13186806197755752,0.18658426459552313,0.31549352720453927,0.026794663384654742,0.010000000000000033
27.04,0.0625798892521101,0.4582098442521861,0.13186759229381922,0.18658448053723997,0.31549248258779405,0.026795031151463377,0.010000000000000033
27.05,0.06257945248495354,0.458208839067808,0.1318671403861244,0.18658456680365154,0.3154914777329566,0.026795078919330625,0.010000000000000033
27.060000000000002,0.06258089169286281,0.4582078568599753,0.13186665633338032,0.18658480503714345,0.3154905039853905,0.02679568286808789,0.010000000000000033
27.07,0.06258089001894776,0.4582071549559956,0.13186626352190578,0.18658501076327952,0.31548936777949904,0.02679563588694582,0.010000000000000033
27.080000000000002,0.06258832844130759,0.45820569383471,0.13186563572552773,0.1865864306334333,0.3154880830976648,0.026796716473933186,0.010000000000000033
27.09,0.06258784365020556,0.45820451234440013,0.13186510244594826,0.1865869198335571,0.31548682069247364,0.026796610557185987,0.010000000000000033
27.1,0.06258642094086168,0.4582033533893597,0.13186461434145205,0.18658696403110542,0.31548578227081064,0.026796512791894152,0.010000000000000033
27.11,0.06258516636313075,0.45820213810544624,0.13186415473208046,0.1865870918222928,0.31548488329339514,0.026796963032825253,0.010000000000000033
27.12,0.06258383276843246,0.45820122976844535,0.1318637790807437,0.18658708217178793,0.3154840008458903,0.026796954724712538,0.010000000000000033
27.13,0.06258922921602102,0.458199699622781,0.13186318544548756,0.1865884545508684,0.3154829006671457,0.026797996825783398,0.010000000000000033
27.14,0.0625885671312575,0.45819860366691384,0.1318627538718963,0.18658913526415954,0.3154815417484232,0.02679786238170711,0.010000000000000033
27.150000000000002,0.06258715481633587,0.45819751996442765,0.1318623604440599,0.18658922545293713,0.3154804276604446,0.0267977458383692,0.010000000000000033
27.16,0.06258588614671383,0.45819624978409224,0.13186192559342397,0.18658936369958395,0.3154795637412618,0.02679827968170744,0.010000000000000033
27.17,0.06258460413085729,0.45819518687735233,0.1318615351456934,0.1865894959026894,0.31547868143345176,0.026798281644056572,0.010000000000000033
27.18,0.06258538415705366,0.4581940414110819,0.13186107813566414,0.18659023412271283,0.3154776996275445,0.026798656201112037,0.010000000000000033
27.19,0.06258501510894582,0.4581930669911892,0.13186069724197283,0.18659087669786575,0.31547648322071065,0.0267986561409813,0.010000000000000033
27.2,0.06258366422041067,0.45819248062206736,0.13186040916468192,0.18659077829150827,0.31547554209085454,0.02679861853021998,0.010000000000000033
27.21,0.06258472997112594,0.4581915293732147,0.13185996169926295,0.18659073216324482,0.3154747231017051,0.026799654981264954,0.010000000000000033
27.22,0.06258415858007707,0.4581904680562624,0.131859520366154,0.1865916045439546,0.3154736843274892,0.026799611395011396,0.010000000000000033
27.23,0.06258329492874622,0.45818919869976293,0.13185903486728462,0.18659213737017794,0.3154727202894359,0.02679954415751052,0.010000000000000033
27.240000000000002,0.06258239867144776,0.458188036176068,0.13185855236254526,0.18659229786712517,0.31547186559966955,0.026800138075609593,0.010000000000000033
27.25,0.06258499826892931,0.45818674863517284,0.13185801729646676,0.18659306041316123,0.315470922705719,0.026800281894265063,0.010000000000000033
27.26,0.0625847971768799,0.45818573081411024,0.1318576007079782,0.1865938147803068,0.3154696566951933,0.02680028692754343,0.010000000000000033
27.27,0.06258363928525547,0.4581849874208314,0.1318572682463591,0.1865938359821076,0.3154686468522188,0.026800385558480425,0.010000000000000033
27.28,0.06258459163916455,0.45818386013533224,0.13185677138905524,0.18659405180596048,0.3154678351748017,0.02680141993613914,0.010000000000000033
27.29,0.06258342234576485,0.4581832409960496,0.13185644072448263,0.18659406427419228,0.3154668938885044,0.02680118264603172,0.010000000000000033
27.3,0.062584908014768,0.4581823643531567,0.13185600915577317,0.1865946076301094,0.3154659287697698,0.026801390513101334,0.010000000000000033
27.310000000000002,0.06258434705334423,0.4581812376771749,0.13185554635583416,0.18659549509614226,0.31546490358847507,0.02680166528815319,0.010000000000000033
27.32,0.06258335822687662,0.4581799309131327,0.13185504373891316,0.18659583402569044,0.31546403416253366,0.026801976662846172,0.010000000000000033
27.330000000000002,0.06258209476936127,0.45817913837741736,0.13185466082983474,0.18659576070136671,0.31546328356962516,0.026801930540339445,0.010000000000000033
27.34,0.06258420583175153,0.45817826919495647,0.13185422874192163,0.1865962259179942,0.3154623695633161,0.026802641907711443,0.010000000000000033
27.35,0.06258381326889252,0.45817725693462,0.1318538087469957,0.18659725634437896,0.3154612543118942,0.02680263882557599,0.010000000000000033
27.36,0.06258289947536506,0.45817597243534397,0.1318533371915382,0.18659757066972874,0.3154603718740803,0.026802999474651208,0.010000000000000033
27.37,0.06258159481220645,0.45817524942333415,0.1318529664786063,0.18659744052389277,0.3154596914416908,0.026802939001726547,0.010000000000000033
27.38,0.06258383271482544,0.4581744116740004,0.13185255375193264,0.1865980012035795,0.31545879114804903,0.0268035580617466,0.010000000000000033
27.39,0.06258350452735992,0.45817339019449127,0.13185214977549103,0.1865990182276242,0.31545765432910616,0.026803570957344376,0.010000000000000033
27.400000000000002,0.06258262601884898,0.45817206612384664,0.1318516621038686,0.1865993808654405,0.3154567740827637,0.026804030105564782,0.010000000000000033
27.41,0.06258137254384127,0.4581713039395693,0.13185129523666786,0.18659927889448832,0.3154560981803867,0.026803976372529414,0.010000000000000033
27.42,0.06258379675096191,0.4581704413513104,0.13185088167518844,0.18659984710910413,0.3154552009633198,0.026804544145538324,0.010000000000000033
27.43,0.06258348262415099,0.4581694268925484,0.13185047567624855,0.186600926523134,0.3154540666656435,0.026804558408543278,0.010000000000000033
27.44,0.06258260755081343,0.45816809568726413,0.13184998822345625,0.1866013789956702,0.31545318848312776,0.026805156731117795,0.010000000000000033
27.45,0.06258136531099567,0.4581673159072063,0.1318496201415293,0.18660129509231713,0.3154525324885717,0.02680504908069575,0.010000000000000033
27.46,0.06258383705601747,0.45816644418991,0.1318492189774239,0.1866018849867549,0.31545163835548806,0.026805442380963627,0.010000000000000033
27.47,0.06258352308136589,0.4581654190588324,0.13184882944610923,0.18660298347233306,0.31545049330641195,0.026805487074037942,0.010000000000000033
27.48,0.06258265979515547,0.45816409802195024,0.13184835524203795,0.18660345244212256,0.3154496079609181,0.026806188824499786,0.010000000000000033
27.490000000000002,0.06258144345447492,0.45816325906693894,0.13184798102414982,0.18660337466081608,0.3154489472182908,0.026806078307534613,0.010000000000000033
27.5,0.06258391509887441,0.4581623749107955,0.13184757347306675,0.18660396834917753,0.31544805346767757,0.026806447206813477,0.010000000000000033
27.51,0.06258360377652114,0.4581613382983866,0.13184718187955993,0.18660507621835248,0.3154469058395909,0.02680648864686317,0.010000000000000033
27.52,0.06258273777877789,0.45816000885590724,0.13184670682134972,0.18660561923870217,0.31544601713161935,0.0268072156752223,0.010000000000000033
27.53,0.06258151575164762,0.45815917552558133,0.1318463301400272,0.18660555464624115,0.3154453399867464,0.026807088402237948,0.010000000000000033
27.54,0.06258397419876731,0.4581582779857064,0.1318459202006966,0.18660616185875753,0.3154444468452968,0.026807480040104498,0.010000000000000033
27.55,0.06258365791815722,0.4581572450008721,0.13184554008781885,0.18660734596573494,0.31544330471180615,0.026807506134811726,0.010000000000000033
27.560000000000002,0.06258280248159272,0.45815592428929397,0.13184507919632074,0.1866078478354271,0.3154424205031468,0.026808163460197123,0.010000000000000033
27.57,0.06258158508195723,0.45815505337188167,0.13184469795349862,0.186607793001613,0.3154417469436432,0.026808076389857844,0.010000000000000033
27.580000000000002,0.06258412642797777,0.4581541390531213,0.13184429472947123,0.18660845437609688,0.3154408609813237,0.02680853906310334,0.010000000000000033
27.59,0.06258380115643342,0.45815310382131286,0.1318439246486081,0.1866095985783005,0.31543971769398116,0.02680855136208824,0.010000000000000033
27.6,0.0625829261777555,0.45815178282443475,0.13184347246095962,0.18661015549112303,0.3154388341837688,0.02680916124699644,0.010000000000000033
27.61,0.06258169809801432,0.45815092868035,0.1318431005059065,0.18661010409156947,0.3154381624845057,0.026809067121058985,0.010000000000000033
27.62,0.0625841817738151,0.4581500099129818,0.13184269202367152,0.18661077946142246,0.31543727386435,0.026809520999075048,0.010000000000000033
27.63,0.06258386258371541,0.4581489653095175,0.13184232522148204,0.18661199380939164,0.3154361312947749,0.02680953652893456,0.010000000000000033
27.64,0.06258299764197824,0.4581476369772312,0.13184187961732521,0.1866125822656213,0.31543524961967145,0.026810225543881037,0.010000000000000033
27.650000000000002,0.06258181261435002,0.4581467256491436,0.13184152265521581,0.1866125431065713,0.31543457462530644,0.026810113569123925,0.010000000000000033
27.66,0.06258433130301845,0.4581457803080356,0.13184112973826043,0.18661329077848202,0.3154336868558671,0.026810460146881543,0.010000000000000033
27.67,0.06258400029463239,0.45814474725554727,0.13184076740503825,0.18661446968389223,0.3154325255226196,0.026810494388069702,0.010000000000000033
27.68,0.06258309377821407,0.4581434703186922,0.13184033793268657,0.18661496785804402,0.3154316388019268,0.026811199084543113,0.010000000000000033
27.69,0.06258166554193871,0.45814280804523755,0.13184003439873074,0.18661479096239852,0.31543102116923155,0.026811027629832528,0.010000000000000033
27.7,0.06258380037300515,0.45814190922943426,0.13183966496680183,0.18661570066935165,0.31543009744769873,0.02681144067255429,0.010000000000000033
27.71,0.06258348285376009,0.4581408075572263,0.13183928946476894,0.1866168623937929,0.31542897860785163,0.02681149735322129,0.010000000000000033
27.72,0.06258264681051422,0.45813943071429064,0.131838825564587,0.18661745785361047,0.31542812766382133,0.02681226990516131,0.010000000000000033
27.73,0.06258141058969004,0.4581386317017456,0.1318384827806538,0.18661736914995775,0.3154274743140394,0.026812106218241902,0.010000000000000033
27.740000000000002,0.06258416759986447,0.4581377137309793,0.13183810264478887,0.18661819585722886,0.31542655849404494,0.026812513461579892,0.010000000000000033
27.75,0.0625838824535357,0.45813662856479975,0.13183772938372923,0.18661945900781268,0.31542543086730174,0.026812542030702793,0.010000000000000033
27.76,0.06258302788592791,0.4581352411256717,0.13183726883006333,0.18662005683839644,0.31542456812652925,0.02681330565011344,0.010000000000000033
27.77,0.06258181357089859,0.45813435708509903,0.13183692124658358,0.1866199925563447,0.31542388805011357,0.026813160571731557,0.010000000000000033
27.78,0.06258448302815647,0.4581334192496932,0.13183653976838436,0.1866207836558933,0.3154229926503226,0.026813480357576913,0.010000000000000033
27.79,0.06258417592098735,0.45813235972070215,0.13183618284144627,0.18662205290534,0.3154218457811264,0.026813522303249866,0.010000000000000033
27.8,0.06258332307015961,0.45813097972205946,0.13183574159991032,0.18662272051709528,0.3154209605785478,0.026814304620557443,0.010000000000000033
27.810000000000002,0.0625821509019345,0.45813000492136685,0.13183537331171494,0.1866226997438656,0.3154202826021812,0.026814176612288385,0.010000000000000033
27.82,0.06258474799933803,0.45812901318396476,0.13183498297862123,0.18662348970835377,0.31541939662506413,0.026814542733985307,0.010000000000000033
27.830000000000002,0.06258439964558622,0.45812795028129105,0.13183462906583895,0.18662482234064784,0.31541823387208434,0.026814557884004508,0.010000000000000033
27.84,0.06258345334320788,0.4581266973361711,0.13183421156612293,0.18662534694579494,0.3154173476522723,0.026815167169927663,0.010000000000000033
27.85,0.06258381712504142,0.4581252809684954,0.1318337132662282,0.1866259616804097,0.3154166011576251,0.02681524356184416,0.010000000000000033
27.86,0.06258355424921473,0.45812426374447984,0.13183336258160772,0.18662681227898037,0.3154155299226417,0.02681522359009318,0.010000000000000033
27.87,0.06258900181038522,0.4581228584622652,0.13183288034484553,0.18662836151828888,0.3154143710747545,0.026816508451707504,0.010000000000000033
27.88,0.06258847089656512,0.4581215185894709,0.13183243598075475,0.18662928936947856,0.31541321982901915,0.026816403778564542,0.010000000000000033
27.89,0.06258716210221071,0.4581201908495522,0.1318320355553739,0.18662987874316936,0.3154122380522967,0.026816268402775983,0.010000000000000033
27.900000000000002,0.0625860626741478,0.45811882433073803,0.131831647443783,0.18663048119271597,0.315411371329539,0.026816831431379497,0.010000000000000033
27.91,0.06258511848478439,0.4581174994827136,0.1318312849176573,0.18663132323853976,0.31541045915372384,0.02681684016959818,0.010000000000000033
27.92,0.06258433526838318,0.45811621934622626,0.13183094614688246,0.18663212256718073,0.3154094789295427,0.026816989689289614,0.010000000000000033
27.93,0.06258367500923247,0.45811493628070993,0.13183060700837396,0.18663292355836889,0.31540848977515323,0.026817309293179502,0.010000000000000033
27.94,0.06258307065081928,0.4581136456140846,0.1318302479233167,0.1866336594539987,0.31540753189109305,0.026817418441259972,0.010000000000000033
27.95,0.0625824245239765,0.4581125367753685,0.13182993315024027,0.18663416222490706,0.3154066075305262,0.02681758790309529,0.010000000000000033
27.96,0.06258766276348676,0.4581110706606748,0.13182946676069204,0.1866354849275737,0.31540564038190716,0.02681850889916903,0.010000000000000033
27.97,0.06258741988805143,0.4581098988875768,0.13182911166301098,0.18663664344819308,0.31540434161431147,0.026818418470470888,0.010000000000000033
27.98,0.06258628570680266,0.4581088145696755,0.13182880000335043,0.18663710117667343,0.31540323194149344,0.02681831358642391,0.010000000000000033
27.990000000000002,0.06258472046604024,0.4581081248630359,0.13182856415386393,0.1866369013440807,0.31540256858971955,0.026818460511047682,0.010000000000000033
28.0,0.06258581885845374,0.45810714786866885,0.1318282229616628,0.186637671374635,0.31540176510329426,0.026819234184326617,0.010000000000000033
28.01,0.0625853410048299,0.45810603261876987,0.1318279010893614,0.18663896220672527,0.31540066045473447,0.02681920104113034,0.010000000000000033
28.02,0.06258454465067385,0.4581046463581375,0.13182750848757419,0.1866398019709534,0.3153997463917977,0.026819508651231935,0.010000000000000033
28.03,0.06258364324800139,0.4581034165288623,0.1318271204453619,0.18664013165555476,0.3153989821106677,0.026819579455731445,0.010000000000000033
28.04,0.06259007103263872,0.4581017701643006,0.1318265596583869,0.1866418309256439,0.31539800415496394,0.026820694275256657,0.010000000000000033
28.05,0.06258963978061317,0.4581005714825667,0.13182619311367105,0.18664305985180257,0.31539665772785674,0.02682054663025317,0.010000000000000033
28.060000000000002,0.06258836478022792,0.4580993900003231,0.13182586742090438,0.1866435901906208,0.3153955661473763,0.0268204150039356,0.010000000000000033
28.07,0.06258721544042785,0.45809801035728215,0.13182550084137046,0.186644096099783,0.31539478985704444,0.02682109091342644,0.010000000000000033
28.080000000000002,0.06258597601267175,0.4580969047563441,0.13182520401614228,0.1866444886322645,0.3153940181719659,0.026821047456747894,0.010000000000000033
28.09,0.06259150574029236,0.4580953315697963,0.13182473126913924,0.18664624306593122,0.3153929715291749,0.026821758543151806,0.010000000000000033
28.1,0.06259089596934954,0.45809413995784076,0.13182441398316969,0.1866473976522797,0.3153916396537133,0.026821673150811617,0.010000000000000033
28.11,0.06258952513748638,0.4580929307670789,0.13182410605099923,0.18664795756560906,0.3153905948892827,0.026821623971488604,0.010000000000000033
28.12,0.06258831174461718,0.4580915385382028,0.13182373769362915,0.18664849791759108,0.3153898234142459,0.02682225437054311,0.010000000000000033
28.13,0.0625871133303043,0.45809030553512425,0.13182341489207394,0.18664910484656144,0.31538899437304047,0.026822255103428647,0.010000000000000033
28.14,0.06258556980617457,0.4580898720546458,0.13182330009562876,0.1866489900798002,0.31538818206786057,0.026822090432874493,0.010000000000000033
28.150000000000002,0.06258703304213038,0.4580890289936192,0.13182303658888103,0.18665003419301385,0.31538721833586353,0.026822811131260834,0.010000000000000033
28.16,0.06258657268384031,0.45808782979634144,0.13182270184111894,0.18665123044484808,0.3153861920183117,0.026822851017801852,0.010000000000000033
28.17,0.06258567608485124,0.4580863771623773,0.13182229407103738,0.1866519462408334,0.3153853755461903,0.026823228964697177,0.010000000000000033
28.18,0.0625845826167685,0.4580853796026174,0.1318219677652997,0.18665198469545793,0.31538463603567246,0.02682319601044231,0.010000000000000033
28.19,0.06258719171465126,0.45808434742789456,0.13182160111899316,0.1866529467791531,0.3153837261308546,0.026823756194419242,0.010000000000000033
28.2,0.06258675128082399,0.4580832990163125,0.13182127814008918,0.18665414326564142,0.3153826237937118,0.026823752878907987,0.010000000000000033
28.21,0.06258537799278525,0.45808250431824565,0.13182100587416012,0.18665407696556616,0.3153819102950199,0.026823723311598314,0.010000000000000033
28.22,0.06258684779036744,0.4580814267730079,0.13182061061660516,0.18665484757179235,0.31538114999871586,0.026824721131343213,0.010000000000000033
28.23,0.06258641743009113,0.4580802492734109,0.13182025824524904,0.18665622403667342,0.31538008250125943,0.026824675617896608,0.010000000000000033
28.240000000000002,0.06258558918161855,0.4580788986725237,0.13181985476112543,0.1866570232484495,0.3153791801963727,0.026824805735181548,0.010000000000000033
28.25,0.06258448109875676,0.45807791345065885,0.1318195373742552,0.18665701436314283,0.31537847874029445,0.02682481994305835,0.010000000000000033
28.26,0.062587128120282,0.45807687672293984,0.13181917580943656,0.1866579659740878,0.31537761647236456,0.026825614140006997,0.010000000000000033
28.27,0.06258678819390437,0.4580757712406264,0.13181885329276385,0.1866593018104233,0.3153765063502536,0.026825588081822525,0.010000000000000033
28.28,0.06258581993739702,0.4580745216889906,0.13181848352032727,0.18665977037964956,0.31537564955864483,0.026825703977335642,0.010000000000000033
28.29,0.06258922893395345,0.45807282890765055,0.13181790636570848,0.1866609887027964,0.31537486962845923,0.026826906406784427,0.010000000000000033
28.3,0.06258882410428177,0.45807159066661496,0.13181752960264378,0.18666229690284125,0.31537367316717796,0.02682675763376502,0.010000000000000033
28.310000000000002,0.0625877211198735,0.45807054784595025,0.13181725799488675,0.18666286928604592,0.31537257324365703,0.02682657674111649,0.010000000000000033
28.32,0.06258703453945423,0.4580694293589342,0.1318169218914662,0.1866629307167045,0.3153718348554168,0.026827135244154535,0.010000000000000033
28.330000000000002,0.06258683028279038,0.4580684302539057,0.13181658960436352,0.18666375403758143,0.31537098523097307,0.02682716331327952,0.010000000000000033
28.34,0.06258678253522007,0.458067581183541,0.13181631930355597,0.18666480701201815,0.3153698660999337,0.02682718544375312,0.010000000000000033
28.35,0.06258672892141065,0.4580665954821025,0.13181600405664876,0.186665544717429,0.3153688438332165,0.026827766610597794,0.010000000000000033
28.36,0.06258587014146959,0.45806578855194896,0.13181572975788147,0.186665532329132,0.31536806409096857,0.026827726384578292,0.010000000000000033
28.37,0.06258747314198096,0.45806467237287457,0.1318153501758549,0.1866665177648861,0.31536726097822476,0.026828455769753474,0.010000000000000033
28.38,0.06258697008856608,0.4580633972918453,0.13181496441394347,0.18666784993645383,0.3153663005393205,0.02682846103776233,0.010000000000000033
28.39,0.06258614454331428,0.4580619123423573,0.1318145300537843,0.18666875198425045,0.31536547069429294,0.026828828619341417,0.010000000000000033
28.400000000000002,0.06255204366478401,0.4587220965188655,0.13224004902635866,0.18650673047732125,0.31552145580622853,0.026731551712494285,0.010000000000000033
28.41,0.06253904134193809,0.4586322223431657,0.1321493771661851,0.18644572074408305,0.31581630111809805,0.02685997305262001,0.010000000000000033
28.42,0.06250803719660203,0.45852874759999573,0.13207798730291345,0.18646910839869554,0.31585489844895576,0.026839742137238116,0.010000000000000033
28.43,0.06256862607884334,0.45852330137476904,0.13206560459342107,0.18655000649646938,0.3157898140642143,0.026816718526979606,0.010000000000000033
28.44,0.06265245901047513,0.4585479927185751,0.1320660701445116,0.18656292720885198,0.31574401862597556,0.026806246158561097,0.010000000000000033
28.45,0.06265083177582559,0.4585369643163963,0.13205682230329446,0.18655450534601453,0.3157639129631955,0.026805760799128973,0.010000000000000033
28.46,0.06264016253871203,0.45852618267667744,0.132048231977415,0.18654508830258135,0.3157917329178374,0.026806506417560116,0.010000000000000033
28.47,0.06263244418376246,0.45853469893248683,0.13204718126930004,0.1865415616058908,0.315787141395335,0.026804232424396772,0.010000000000000033
28.48,0.06262815386959304,0.45854354557768856,0.1320510392814678,0.1865406826640091,0.3157763722407653,0.02680109778424333,0.010000000000000033
28.490000000000002,0.06262261966668688,0.45854165991068363,0.13204986170215846,0.18653928143729026,0.31577386357470916,0.026799217885443545,0.010000000000000033
28.5,0.06261622923753273,0.4585376095595069,0.13204736509647572,0.18653779108510302,0.3157737538843483,0.026797973353956464,0.010000000000000033
28.51,0.0626114020251596,0.45853630241978666,0.13204588078919025,0.18653703353610518,0.3157708287201624,0.02679645264685819,0.010000000000000033
28.52,0.06260803505917782,0.4585356610138521,0.13204474812380876,0.18653659689036306,0.3157672490488933,0.026794910926083118,0.010000000000000033
28.53,0.06260491826337845,0.45853380481639683,0.13204313221844777,0.18653599138186008,0.3157650858778192,0.026793723291848565,0.010000000000000033
28.54,0.06260203065851043,0.4585316952910956,0.13204134161100606,0.1865353717970609,0.3157632022668608,0.0267926834346109,0.010000000000000033
28.55,0.06259982529346281,0.45853021803108535,0.1320397380863391,0.18653489877212562,0.3157605566767697,0.026791602352389796,0.010000000000000033
28.560000000000002,0.06259809827036794,0.4585288417429862,0.13203815790096157,0.18653444452349233,0.3157578633970448,0.02679056985415279,0.010000000000000033
28.57,0.06259653942778808,0.4585271474334579,0.13203639428128308,0.18653387956570017,0.31575567169305546,0.026789659719668353,0.010000000000000033
28.580000000000002,0.06259489402055719,0.4585256589086889,0.13203460481637655,0.18653307345413728,0.3157538282089684,0.026788795615686783,0.010000000000000033
28.59,0.06259436016118854,0.4585240538937701,0.1320327205313777,0.18653231360241973,0.3157519481890302,0.026788020390717815,0.010000000000000033
28.6,0.06259343917860959,0.4585224221065514,0.13203084202033638,0.18653157713353963,0.31575005002440304,0.026787275550849685,0.010000000000000033
28.61,0.06259303772636937,0.4585201558503724,0.13202866202783542,0.18653079409509646,0.3157486704107932,0.02678668880005967,0.010000000000000033
28.62,0.06259226453592374,0.458517973840046,0.13202649382875373,0.1865300068398037,0.31574730015283603,0.026786132776325414,0.010000000000000033
28.63,0.06259073404520776,0.4585164103656942,0.13202450971681956,0.18652892815010452,0.31574609429089534,0.02678549253440824,0.010000000000000033
28.64,0.06259018634657389,0.4585144300881581,0.13202236038935988,0.1865279410503362,0.3157450132572458,0.026784974615642956,0.010000000000000033
28.650000000000002,0.06258924579849102,0.4585121845461699,0.1320201740914219,0.18652708945823732,0.3157438430472728,0.02678450612536238,0.010000000000000033
28.66,0.06258803370459934,0.45850981042038613,0.13201796702647176,0.1865262355186724,0.3157428331094335,0.02678407188515736,0.010000000000000033
28.67,0.06258705423208215,0.45850769486860865,0.1320158210977391,0.18652531921568505,0.315741831294157,0.026783623108646723,0.010000000000000033
28.68,0.0625866570603497,0.4585059551019284,0.13201381154037695,0.18652445792841765,0.3157405015321391,0.02678315496601198,0.010000000000000033
28.69,0.06258654405818091,0.4585044238729627,0.13201188994780125,0.18652367953751653,0.3157389383126216,0.026782688981463007,0.010000000000000033
28.7,0.06258650560363478,0.45850283081966525,0.13200997378500393,0.18652290168692523,0.3157373900872552,0.026782257633701817,0.010000000000000033
28.71,0.06258888081111125,0.45850099536818223,0.1320080002781693,0.1865222727566224,0.3157358047538675,0.0267818971158407,0.010000000000000033
28.72,0.06258798671393123,0.4584994449936571,0.13200619065373898,0.1865216194904558,0.31573409296388477,0.02678147799446947,0.010000000000000033
28.73,0.062587711536836,0.4584976185319956,0.13200430595871673,0.18652103114233534,0.315732458650955,0.026781127484486328,0.010000000000000033
28.740000000000002,0.06258699872171938,0.4584958947126602,0.1320025278461585,0.18652054851240477,0.3157306648660653,0.026780752262344658,0.010000000000000033
28.75,0.06258674894457615,0.4584940000395697,0.13200069589201674,0.1865200779045122,0.31572892801798286,0.026780417198812308,0.010000000000000033
28.76,0.06258638046699033,0.4584923411393524,0.13199896784693202,0.18651963198136148,0.3157270875521948,0.026780067560199516,0.010000000000000033
28.77,0.06259031348025319,0.4584903188998979,0.13199713383042885,0.1865193374546509,0.3157251895468189,0.026779785482748262,0.010000000000000033
28.78,0.06258999867165241,0.45848843047952054,0.1319953950831107,0.18651904966271016,0.3157232806872484,0.026779495643719422,0.010000000000000033
28.79,0.0625887754338191,0.4584865836115471,0.13199369722231563,0.18651863184017664,0.3157216161366066,0.026779194387062773,0.010000000000000033
28.8,0.06258717542409599,0.4584851284649494,0.1319920901258983,0.18651787809238934,0.3157203042232987,0.026778860576049453,0.010000000000000033
28.810000000000002,0.06258681513555286,0.4584835072051435,0.1319904225631529,0.1865172548621332,0.3157188957092362,0.026778588702628957,0.010000000000000033
28.82,0.06258616280579596,0.4584817831481025,0.13198880526028708,0.1865168126261798,0.3157172414513519,0.026778331545961303,0.010000000000000033
28.830000000000002,0.0625852219721492,0.4584797557306622,0.13198710612100853,0.1865163304946689,0.3157158855548556,0.026778127968136355,0.010000000000000033
28.84,0.0625838478017772,0.45847816232696476,0.13198549113080713,0.1865155888728906,0.31571479525826546,0.026777888889337676,0.010000000000000033
28.85,0.06258458599217473,0.4584765273359818,0.1319838740428399,0.18651503083044613,0.3157134134847625,0.02677769630397533,0.010000000000000033
28.86,0.06258413521238469,0.4584747925678895,0.13198231387670045,0.18651465876114176,0.31571174155868087,0.02677750182400479,0.010000000000000033
28.87,0.06258326071150883,0.4584728097983724,0.13198065942520149,0.18651423181785143,0.3157103859139516,0.026777360608015673,0.010000000000000033
28.88,0.06258367259127791,0.45847064584944924,0.13197891100937628,0.18651384332170226,0.31570911025055964,0.026777275136341244,0.010000000000000033
28.89,0.06258341306772335,0.4584689755798215,0.13197738957614374,0.18651356623091436,0.3157073573569408,0.02677710691085559,0.010000000000000033
28.900000000000002,0.06258235373535366,0.458467990436697,0.13197609782683795,0.1865130128038573,0.315705713334066,0.026776838069144437,0.010000000000000033
28.91,0.06258391057812782,0.4584664108906166,0.1319746068905411,0.18651256922495243,0.31570423643583756,0.026776707844740646,0.010000000000000033
28.92,0.06258351489977111,0.45846463844448065,0.13197310832871567,0.18651229426893928,0.31570257579561056,0.026776596951332093,0.010000000000000033
28.93,0.06258268983110216,0.4584628405372824,0.13197163769087636,0.18651204324906848,0.3157009486157995,0.026776490629511852,0.010000000000000033
28.94,0.06258148608705899,0.458461658844823,0.13197034565835666,0.18651149039926887,0.3156995004137432,0.026776294519164884,0.010000000000000033
28.95,0.06258354960991791,0.45846024690758236,0.13196899231728895,0.18651116166026185,0.3156978331378293,0.02677617587952176,0.010000000000000033
28.96,0.06258330036789496,0.4584586449245077,0.13196764163960767,0.18651100747087032,0.31569600820920296,0.02677607287217158,0.010000000000000033
28.97,0.0625824810020498,0.45845682919283953,0.13196623333453328,0.18651077800424096,0.31569449272216543,0.02677601425958798,0.010000000000000033
28.98,0.06258404436911777,0.45845478123113,0.13196469750770837,0.1865106066431037,0.3156930365152408,0.026776143227103668,0.010000000000000033
28.990000000000002,0.06258384572805517,0.45845316226547594,0.13196334987269623,0.18651051835163082,0.315691187147804,0.02677605664761216,0.010000000000000033
29.0,0.06258277963056495,0.458451963638814,0.13196216301397257,0.18651019632383284,0.31568951158898617,0.02677588946639506,0.010000000000000033
29.01,0.06258415714415548,0.45845030197419057,0.13196077686325255,0.18650987510612438,0.3156881533473632,0.026775844286745343,0.010000000000000033
29.02,0.06258354251400426,0.4584485856019653,0.13195945210112492,0.18650967576844424,0.315686602108175,0.026775800296696253,0.010000000000000033
29.03,0.06258242317122631,0.4584469928173655,0.13195818403360382,0.1865094253243954,0.31568514279896814,0.026775739549051557,0.010000000000000033
29.04,0.06258780417121812,0.45844468902364544,0.13195665527374195,0.18650956839013377,0.31568364670390076,0.02677646840224384,0.010000000000000033
29.05,0.06258719053503137,0.458442891762236,0.1319553462400528,0.1865095988398425,0.3156818619339383,0.026776365182231563,0.010000000000000033
29.060000000000002,0.06258582318234233,0.4584412034572766,0.13195412483980312,0.18650951103166008,0.3156801967657543,0.026776153883758654,0.010000000000000033
29.07,0.06258447777981879,0.45843940463130634,0.13195286644942059,0.18650930877401428,0.3156788303457591,0.026776036637213695,0.010000000000000033
29.080000000000002,0.06258273599557332,0.4584382596320232,0.13195180221103367,0.18650884454088262,0.315677551659348,0.026775887140016667,0.010000000000000033
29.09,0.0625832100226654,0.4584369425269403,0.13195070218456958,0.18650861539014602,0.31567596546226057,0.02677580451997738,0.010000000000000033
29.1,0.06258269045628212,0.4584354159837003,0.13194958981086427,0.18650857089273518,0.31567420978195687,0.026775761173039966,0.010000000000000033
29.11,0.0625818011962022,0.45843356994248213,0.13194837458893266,0.18650849220314944,0.31567276637357045,0.026776032038180835,0.010000000000000033
29.12,0.06258059130832054,0.4584321683904801,0.131947265766444,0.18650822170038528,0.31567145023508886,0.026775962197251032,0.010000000000000033
29.13,0.06258274357681551,0.45843079225853955,0.13194616094884576,0.1865080836329642,0.31566985510132894,0.02677589075158303,0.010000000000000033
29.14,0.06258241219298148,0.45842933311516193,0.13194509713446326,0.18650826028492817,0.3156680333004449,0.026775854034174172,0.010000000000000033
29.150000000000002,0.06258148741904082,0.4584276333195029,0.1319439564370467,0.18650821651657304,0.3156665671929681,0.026776094402910865,0.010000000000000033
29.16,0.06258288192286267,0.45842564154440846,0.1319426791371265,0.18650818031047814,0.3156652102463056,0.02677637607874955,0.010000000000000033
29.17,0.06258265588347302,0.45842410995462657,0.1319415993908232,0.18650853713281917,0.31566342611655496,0.02677630974921629,0.010000000000000033
29.18,0.06258155411286427,0.45842302064667617,0.13194067294813097,0.1865083822388828,0.31566176494686,0.026776171184775887,0.010000000000000033
29.19,0.06258306595706613,0.45842147073148315,0.1319395557632593,0.1865082057364813,0.3156603957006007,0.026776465083018643,0.010000000000000033
29.2,0.0625824702872248,0.45841984272928293,0.1319384594578418,0.18650824303274088,0.3156588511776348,0.026776460311470848,0.010000000000000033
29.21,0.06258140745863086,0.4584182814925396,0.13193741770322134,0.1865081974268599,0.31565736575239284,0.026776420627835463,0.010000000000000033
29.22,0.0625857302150666,0.45841619383637866,0.13193617677681993,0.18650868337415696,0.3156559357022985,0.026777297354870905,0.010000000000000033
29.23,0.06258519416434243,0.4584145073048523,0.13193511043944603,0.18650915679944954,0.3156541733440667,0.026777227798059307,0.010000000000000033
29.240000000000002,0.06258398216650572,0.4584129315309472,0.13193413698111728,0.18650921118773006,0.31565248917754024,0.02677705201208133,0.010000000000000033
29.25,0.06258275585194885,0.45841122905336446,0.13193312589501371,0.1865091155488339,0.3156511286951896,0.026776982226201732,0.010000000000000033
29.26,0.0625810384042844,0.4584102387729697,0.1319322949008665,0.18650872608425978,0.3156499320147428,0.026776886109474866,0.010000000000000033
29.27,0.06258194807809377,0.45840899261655876,0.13193139436573953,0.1865086207055346,0.3156483964753523,0.026776993533801093,0.010000000000000033
29.28,0.06258147895801432,0.4584074839455812,0.13193046072292058,0.18650904374308436,0.3156467357014696,0.026777023961732007,0.010000000000000033
29.29,0.06258058008173659,0.458405666014289,0.13192943001097082,0.18650909637333435,0.31564538874819154,0.0267775852309071,0.010000000000000033
29.3,0.06257934323476819,0.45840434870211516,0.13192852200226868,0.18650887333628377,0.3156441863980174,0.026777510894752495,0.010000000000000033
29.310000000000002,0.06258159837961223,0.45840302188198306,0.13192760757667957,0.1865088932519434,0.31564268867953293,0.026777452526438546,0.010000000000000033
29.32,0.06258128601563183,0.4584015839790866,0.1319267087285374,0.18650952940301024,0.3156409827176167,0.026777443124561436,0.010000000000000033
29.330000000000002,0.06258039521125866,0.45839986353904305,0.13192571859061036,0.1865096244945278,0.3156395919907414,0.026778057191241194,0.010000000000000033
29.34,0.06257896672957186,0.45839875191146945,0.1319248695864061,0.18650932651188212,0.3156384464667654,0.026777961136155815,0.010000000000000033
29.35,0.06258093436642505,0.45839747855122587,0.1319239860769902,0.1865094336746459,0.31563692430139506,0.0267779041162188,0.010000000000000033
29.36,0.06258062918429244,0.45839599715216117,0.13192310252080566,0.18651010117698705,0.31563522181053405,0.02677805599941767,0.010000000000000033
29.37,0.06257977844352347,0.4583942442579369,0.13192212782880272,0.18651019751755235,0.31563388554812577,0.02677852485057016,0.010000000000000033
29.38,0.06257937200138097,0.45839260054826697,0.13192115332143825,0.18651013371560757,0.3156326725487993,0.02677855127454263,0.010000000000000033
29.39,0.06258031259839403,0.45839125417646526,0.13192028252502572,0.18651049807128603,0.3156311343426597,0.026778521783316182,0.010000000000000033
29.400000000000002,0.06258482451265317,0.4583895890994487,0.1319193226587121,0.1865114918369568,0.31562939166075454,0.026779194816139877,0.010000000000000033
29.41,0.06258434536798592,0.45838788319742585,0.13191839394684374,0.18651190160359377,0.31562773541793976,0.026779208778735485,0.010000000000000033
29.42,0.06258303062901187,0.4583861603290608,0.13191747096727705,0.18651192294351868,0.31562636038809,0.026779162494051597,0.010000000000000033
29.43,0.06258151816677741,0.4583847671343653,0.1319166533434753,0.1865117814132124,0.3156251550762169,0.026779139187227196,0.010000000000000033
29.44,0.06258218241689957,0.45838329504213177,0.13191580737318084,0.18651198637893035,0.3156237931376937,0.026779733582966873,0.010000000000000033
29.45,0.06258136230699651,0.45838206023200845,0.13191507836309313,0.18651223070372536,0.3156222268847046,0.026779689810557974,0.010000000000000033
29.46,0.06258654665276327,0.4583799841268617,0.1319140603940667,0.18651324945080236,0.3156208071772912,0.02678044108762694,0.010000000000000033
29.47,0.06258580113769806,0.45837822175219634,0.13191317097933442,0.18651390627081824,0.31561921371313467,0.02678038091316191,0.010000000000000033
29.48,0.06258438852127572,0.4583766518733958,0.1319123843489466,0.18651417294074504,0.31561765397983416,0.02678025354020515,0.010000000000000033
29.490000000000002,0.06258318522902553,0.458374947580614,0.1319115766877654,0.18651429473499995,0.31561630458795953,0.02678033769639153,0.010000000000000033
29.5,0.06258210515450086,0.45837323620694964,0.1319107696846359,0.18651464459260939,0.31561498633317503,0.026780563438313903,0.010000000000000033
29.51,0.06258121131407071,0.4583716464143106,0.13191002349468248,0.18651504544665407,0.3156135678015216,0.02678057026143326,0.010000000000000033
29.52,0.06258045261721629,0.4583700703644695,0.13190929184125574,0.18651547018744108,0.315612119233884,0.026780729515634948,0.010000000000000033
29.53,0.06257978539299439,0.45836846414606236,0.13190853535550895,0.1865158933854643,0.3156107182619355,0.026780949057202456,0.010000000000000033
29.54,0.06257919351611606,0.45836686136456994,0.1319077718673614,0.18651626694918358,0.3156093256857006,0.02678098184493439,0.010000000000000033
29.55,0.06257867768634193,0.4583653001084501,0.1319070254142631,0.18651668883562625,0.3156079013899778,0.026781293540066902,0.010000000000000033
29.560000000000002,0.062578209106269,0.45836379519453546,0.1319062958693583,0.1865170451163917,0.3156064850520249,0.026781325252128438,0.010000000000000033
29.57,0.06257763342541797,0.4583625306149412,0.1319056239415541,0.18651705239022962,0.31560516059759386,0.026781320014742017,0.010000000000000033
29.580000000000002,0.06257940271705549,0.45836126883114425,0.13190491009279667,0.1865171684213867,0.31560380584771214,0.026781911378449267,0.010000000000000033
29.59,0.0625790547414933,0.4583604176861762,0.1319043139074276,0.18651715600180221,0.3156023276388083,0.026781793687631804,0.010000000000000033
29.6,0.06258171264274491,0.4583591889237275,0.1319035936477762,0.18651775369843673,0.3156008712006619,0.026782188901793954,0.010000000000000033
29.61,0.06258126884501494,0.45835758974335206,0.1319028048779615,0.1865184215037817,0.3155994725232459,0.026782255359657784,0.010000000000000033
29.62,0.06258029399628139,0.45835581093423505,0.13190196321504694,0.1865188091234497,0.31559825583561435,0.026782722977176897,0.010000000000000033
29.63,0.06257920512259735,0.45835441199261145,0.13190125868683533,0.18651881361523948,0.3155970580458539,0.026782690347205387,0.010000000000000033
29.64,0.06258140240208888,0.4583530049781111,0.13190053854738515,0.18651936941564504,0.31559569951517874,0.026782886918772543,0.010000000000000033
29.650000000000002,0.06258059279008207,0.4583518664224061,0.1318999262739781,0.1865196080021716,0.3155942149084445,0.02678287146206517,0.010000000000000033
29.66,0.06258157568713045,0.458350381287648,0.131899178500347,0.18652006603914276,0.3155929104580573,0.026783627047290554,0.010000000000000033
29.67,0.06258032960188512,0.45834925622497086,0.13189855506873616,0.18652006620452374,0.3155916632429909,0.026783476305145854,0.010000000000000033
29.68,0.0625814952310733,0.4583478807567404,0.13189784358499076,0.18652050468142853,0.31559038433898445,0.026783730196941503,0.010000000000000033
29.69,0.0625809510650667,0.4583463273448513,0.13189713061579772,0.18652144389108744,0.3155889582573521,0.026783776071812017,0.010000000000000033
29.7,0.06258005793754655,0.4583445706054107,0.13189636437480146,0.18652195439393177,0.3155876994181206,0.026784397627245816,0.010000000000000033
29.71,0.06257906479830043,0.45834300978441156,0.1318956468979516,0.1865220228433156,0.31558653540075726,0.026784392436929302,0.010000000000000033
29.72,0.06258559719047802,0.4583410403501306,0.13189479271155927,0.18652354835327056,0.315585120379904,0.02678516977771395,0.010000000000000033
29.73,0.062585110449426,0.4583395202031272,0.1318941217664756,0.18652446312381168,0.31558341625629177,0.026785042357923776,0.010000000000000033
29.740000000000002,0.06258377416787357,0.4583379879320968,0.13189347590558456,0.18652469665128094,0.31558196508278796,0.02678495399739925,0.010000000000000033
29.75,0.06258254305921941,0.45833628006821,0.13189278128392268,0.18652487135861187,0.3155808275384245,0.02678550017519594,0.010000000000000033
29.76,0.06258120282103338,0.4583348710874171,0.1318921849239331,0.18652498210268584,0.31557969049071294,0.02678546406343833,0.010000000000000033
29.77,0.06258681132486496,0.4583330297632456,0.13189142797145498,0.18652665237845525,0.31557824368940857,0.026786153087945283,0.010000000000000033
29.78,0.06258616249408806,0.4583315568359492,0.13189082898381033,0.1865275062286291,0.31557658581371034,0.026786054416476485,0.010000000000000033
29.79,0.06258473871678281,0.45833001533331547,0.13189024830294707,0.18652771467986815,0.31557519085364744,0.026785990631331295,0.010000000000000033
29.8,0.0625834538610631,0.45832832140571195,0.13188961209914787,0.18652797634301085,0.3155740691002487,0.026786558554845567,0.010000000000000033
29.810000000000002,0.06258214389206013,0.45832687057045296,0.1318890447724552,0.1865283034857044,0.3155728977589026,0.02678652981565079,0.010000000000000033
29.82,0.0625839685787417,0.45832524774731115,0.13188841552054442,0.18652932588622734,0.3155715387174775,0.026786785911538703,0.010000000000000033
29.830000000000002,0.06258352697842297,0.4583238233234455,0.1318878589205572,0.1865302167105923,0.3155699852422195,0.026786788972799683,0.010000000000000033
29.84,0.06258231856857291,0.45832253723419325,0.13188733650811837,0.18653032925827037,0.31556866254054017,0.026786787536887978,0.010000000000000033
29.85,0.06258668413572477,0.4583204980062287,0.13188652641700163,0.18653140853351152,0.31556751571921693,0.026788414805091195,0.010000000000000033
29.86,0.06258593932069444,0.45831892619120046,0.13188592092490398,0.18653232914509169,0.315566002215995,0.0267881681753305,0.010000000000000033
29.87,0.06258460234596352,0.4583175431822421,0.1318854175855963,0.1865327246757473,0.3155644999074614,0.026787864713270586,0.010000000000000033
29.88,0.06258337712765713,0.458315993712365,0.13188484900090885,0.18653300749543789,0.315563290382596,0.026788120887599947,0.010000000000000033
29.89,0.06258199857388885,0.4583146481984104,0.13188432849690968,0.18653303527201504,0.31556220819663977,0.026788135592205362,0.010000000000000033
29.900000000000002,0.06258148601356125,0.4583135418409942,0.13188385118841411,0.1865333411537486,0.31556097656710363,0.02678816580451921,0.010000000000000033
29.91,0.06258147896763844,0.4583125667767908,0.13188340970206644,0.18653392969104288,0.31555956314799594,0.02678835494412854,0.010000000000000033
29.92,0.06258577304133332,0.4583111620804409,0.13188279980872453,0.1865349417761663,0.3155581462891445,0.0267891366293712,0.010000000000000033
29.93,0.06258528913618606,0.45830973951811615,0.13188221087895574,0.18653560498612373,0.3155567540468749,0.02678912957628769,0.010000000000000033
29.94,0.0625857388493695,0.45830786081911495,0.13188146137299425,0.1865365006716568,0.3155555268632884,0.02678961439212749,0.010000000000000033
29.95,0.06258483215263504,0.4583061781315471,0.13188081946138203,0.18653734239641526,0.3155541875820048,0.026789623590244765,0.010000000000000033
29.96,0.06258352113383867,0.45830469174230676,0.13188026271379577,0.18653776146795323,0.3155529020489313,0.026789585747463682,0.010000000000000033
29.97,0.0625817846303531,0.45830369339283933,0.13187981503682306,0.18653757698865464,0.3155519531239418,0.026789576952042808,0.010000000000000033
29.98,0.0625821629007446,0.4583024090101847,0.13187927399530275,0.18653801622259963,0.3155508489728922,0.026790364952893678,0.010000000000000033
29.990000000000002,0.06258158950052067,0.4583010004302788,0.13187874893434434,0.18653909624009807,0.3155494705759383,0.02679035757483237,0.010000000000000033
